2020-12-03 1 3 0 52020-12-03 1 3.5 0 52020-12-03 1 4 0 52020-12-03 1 4.5 0 52020-12-10 0 3 0 42020-12-10 0 3.5 0 42020-12-10 0 4 0 42020-12-10 0 4.5 0 42020-12-10 0 5 0 42020-12-10 0 5.5 0 42020-12-10 0 3 0 42020-12-10 0 3.5 0 42020-12-10 0 4 0 42020-12-10 0 4.5 0 42020-12-10 0 5 0 42020-12-10 0 5.5 0 42020-12-10 0 3 0 42020-12-10 0 3.5 0 42020-12-10 0 4 0 42020-12-10 0 4.5 0 42020-12-10 0 5 0 42020-12-10 0 5.5 0 42020-12-10 0 3 0 42020-12-10 0 3.5 0 42020-12-10 0 4 0 42020-12-10 0 4.5 0 42020-12-10 0 5 0 42020-12-10 0 5.5 0 42020-12-17 2 2 0 42020-12-17 2 2.5 0 42020-12-17 2 3 0 42020-12-17 2 3.5 0 42020-12-11 2 2 0 52020-12-11 2 2.5 0 52020-12-11 2 3 0 52020-12-11 2 3.5 0 52020-12-11 2 7 0 52020-12-11 2 7.5 0 52020-12-11 2 8 0 52020-12-11 2 8.5 0 5
2020-12-03 3 12 0 0/n2020-12-03 3 12.5 0 0/n2020-12-03 3 1 0 0/n2020-12-03 3 1.5 0 0/n2020-12-03 3 2 0 0/n2020-12-03 3 2.5 0 0/n2020-09-25 2 11 0 3/n2020-09-25 2 11.5 0 3/n2020-12-29 2 11 1 3/n2020-12-29 2 11.5 1 3/n2020-12-29 2 11 1 3/n2020-12-29 2 11.5 1 3/n
2020-12-25 3 10 1 2/n2020-12-25 3 10.5 1 2/n2020-12-15 2 6 1 2/n2020-12-15 2 6.5 1 2/n2020-12-03 3 10 0 0/n2020-12-03 3 10.5 0 0/n2020-12-03 3 11 0 0/n2020-12-03 3 11.5 0 0/n2020-10-19 0 12 1 1/n2020-10-19 0 12.5 1 1/n2020-10-20 1 12 1 1/n2020-10-20 1 12.5 1 1/n2020-12-04 4 1 1 1/n2020-12-04 4 1.5 1 1/n2020-10-18 6 12 1 1/n2020-10-18 6 12.5 1 1/n2020-10-18 6 12 1 1/n2020-10-18 6 12.5 1 1/n2020-10-18 6 12 1 1/n2020-10-18 6 12.5 1 1/n2020-10-18 6 12 1 1/n2020-10-18 6 12.5 1 1/n
2020-12-10 1 1 1 3/n2020-12-10 1 1.5 1 3/n2020-12-02 1 9 0 4/n2020-12-02 1 9.5 0 4/n2020-12-02 1 10 0 4/n2020-12-02 1 10.5 0 4/n2020-12-02 2 7 0 4/n2020-12-02 2 7.5 0 4/n2020-12-02 2 8 0 4/n2020-12-02 2 8.5 0 4/n2020-12-02 2 9 0 4/n2020-12-02 2 9.5 0 4/n2020-12-02 2 10 0 4/n2020-12-02 2 10.5 0 4/n2020-12-02 2 11 0 4/n2020-12-02 2 11.5 0 4/n2020-12-10 1 6 0 none
/n2020-12-10 1 6.5 0 none
/n2020-12-04 1 2 0 4
2020-12-04 1 2.5 0 4
2020-12-09 1 8 0 3
2020-12-09 1 8.5 0 3
2020-12-09 1 9 0 3
2020-12-09 1 9.5 0 3
2020-12-09 1 10 0 3
2020-12-09 1 10.5 0 3
2020-12-09 1 11 0 3
2020-12-09 1 11.5 0 3
2020-12-09 1 12 0 3
2020-12-09 1 12.5 0 3
2020-12-08 2 4 1 4
2020-12-08 2 4.5 1 4
2020-12-08 2 5 1 4
2020-12-08 2 5.5 1 4
2020-12-08 2 6 1 4
2020-12-08 2 6.5 1 4
2020-12-08 2 7 1 4
2020-12-08 2 7.5 1 4
2020-12-09 3 3 0 4
2020-12-09 3 3.5 0 4
2020-12-09 3 4 0 4
2020-12-09 3 4.5 0 4
2020-12-02 2 8 0 3
2020-12-02 2 8.5 0 3
2020-12-02 2 9 0 3
2020-12-02 2 9.5 0 3
2020-12-02 2 10 0 3
2020-12-02 2 10.5 0 3
2020-12-02 2 11 0 3
2020-12-02 2 11.5 0 3
2020-12-02 2 12 0 3
2020-12-02 2 12.5 0 3
2020-12-09 1 1 0 4
2020-12-09 1 1.5 0 4
2020-12-02 2 3 0 4
2020-12-02 2 3.5 0 4
2020-12-02 2 4 0 4
2020-12-02 2 4.5 0 4
2020-12-02 2 5 0 4
2020-12-02 2 5.5 0 4
2020-12-02 2 6 0 4
2020-12-02 2 6.5 0 4
2020-12-01 1 2 0 5
2020-12-01 1 2.5 0 5
2020-12-01 1 3 0 5
2020-12-01 1 3.5 0 5
2020-12-01 1 4 0 5
2020-12-01 1 4.5 0 5
