2020-08-26 2 1.0 0 5
2020-08-26 2 2.0 0 5
2020-08-26 2 1.5 0 5
2020-08-26 2 2.5 0 5
2020-08-26 2 3.0 0 5
2020-08-26 2 3.5 0 5
2020-08-26 2 4.0 0 5
2020-08-26 2 4.5 0 5
2020-08-26 2 5.0 0 5
2020-08-26 2 5.5 0 5
2020-08-26 2 6.0 0 5
2020-08-26 2 12.0 0 5
2020-08-26 2 12.5 0 5
2020-08-26 2 6.5 0 5
2020-08-26 2 7.0 0 5
2020-08-26 2 7.5 0 5
2020-08-26 2 8.0 0 5
2020-08-26 2 9.0 0 5
2020-08-26 2 10.0 0 0
2020-08-26 2 11.0 0 5
2020-08-26 2 8.5 0 5
2020-08-26 2 9.5 0 5
2020-08-26 2 10.5 0 0
2020-08-26 2 11.5 0 5
2020-08-26 2 1.0 1 1
2020-08-26 2 2.0 1 5
2020-08-26 2 1.5 1 1
2020-08-26 2 2.5 1 5
2020-08-26 2 3.0 1 5
2020-08-26 2 3.5 1 5
2020-08-26 2 4.0 1 3
2020-08-26 2 4.5 1 3
2020-08-26 2 5.0 1 3
2020-08-26 2 5.5 1 3
2020-08-26 2 6.0 1 4
2020-08-26 2 12.0 1 5
2020-08-26 2 12.5 1 5
2020-08-26 2 6.5 1 4
2020-08-26 2 7.0 1 5
2020-08-26 2 7.5 1 5
2020-08-26 2 8.0 1 5
2020-08-26 2 9.0 1 5
2020-08-26 2 10.0 1 5
2020-08-26 2 11.0 1 5
2020-08-26 2 8.5 1 5
2020-08-26 2 9.5 1 5
2020-08-26 2 10.5 1 5
2020-08-26 2 11.5 1 5
2020-08-27 3 1.0 0 5
2020-08-27 3 2.0 0 5
2020-08-27 3 1.5 0 5
2020-08-27 3 2.5 0 5
2020-08-27 3 3.0 0 5
2020-08-27 3 3.5 0 5
2020-08-27 3 4.0 0 5
2020-08-27 3 4.5 0 5
2020-08-27 3 5.0 0 5
2020-08-27 3 5.5 0 5
2020-08-27 3 6.0 0 5
2020-08-27 3 12.0 0 5
2020-08-27 3 12.5 0 5
2020-08-27 3 6.5 0 5
2020-08-27 3 7.0 0 5
2020-08-27 3 7.5 0 5
2020-08-27 3 8.0 0 5
2020-08-27 3 9.0 0 5
2020-08-27 3 10.0 0 0
2020-08-27 3 11.0 0 5
2020-08-27 3 8.5 0 5
2020-08-27 3 9.5 0 5
2020-08-27 3 10.5 0 0
2020-08-27 3 11.5 0 5
2020-08-27 3 1.0 1 1
2020-08-27 3 2.0 1 5
2020-08-27 3 1.5 1 1
2020-08-27 3 2.5 1 5
2020-08-27 3 3.0 1 5
2020-08-27 3 3.5 1 5
2020-08-27 3 4.0 1 3
2020-08-27 3 4.5 1 3
2020-08-27 3 5.0 1 3
2020-08-27 3 5.5 1 3
2020-08-27 3 6.0 1 4
2020-08-27 3 12.0 1 5
2020-08-27 3 12.5 1 5
2020-08-27 3 6.5 1 4
2020-08-27 3 7.0 1 5
2020-08-27 3 7.5 1 5
2020-08-27 3 8.0 1 5
2020-08-27 3 9.0 1 5
2020-08-27 3 10.0 1 5
2020-08-27 3 11.0 1 5
2020-08-27 3 8.5 1 5
2020-08-27 3 9.5 1 5
2020-08-27 3 10.5 1 5
2020-08-27 3 11.5 1 5
2020-08-28 4 1.0 0 5
2020-08-28 4 2.0 0 5
2020-08-28 4 1.5 0 5
2020-08-28 4 2.5 0 5
2020-08-28 4 3.0 0 5
2020-08-28 4 3.5 0 5
2020-08-28 4 4.0 0 5
2020-08-28 4 4.5 0 5
2020-08-28 4 5.0 0 5
2020-08-28 4 5.5 0 5
2020-08-28 4 6.0 0 5
2020-08-28 4 12.0 0 5
2020-08-28 4 12.5 0 5
2020-08-28 4 6.5 0 5
2020-08-28 4 7.0 0 5
2020-08-28 4 7.5 0 5
2020-08-28 4 8.0 0 5
2020-08-28 4 9.0 0 5
2020-08-28 4 10.0 0 0
2020-08-28 4 11.0 0 5
2020-08-28 4 8.5 0 5
2020-08-28 4 9.5 0 5
2020-08-28 4 10.5 0 0
2020-08-28 4 11.5 0 5
2020-08-28 4 1.0 1 1
2020-08-28 4 2.0 1 5
2020-08-28 4 1.5 1 1
2020-08-28 4 2.5 1 5
2020-08-28 4 3.0 1 5
2020-08-28 4 3.5 1 5
2020-08-28 4 4.0 1 3
2020-08-28 4 4.5 1 3
2020-08-28 4 5.0 1 3
2020-08-28 4 5.5 1 3
2020-08-28 4 6.0 1 4
2020-08-28 4 12.0 1 5
2020-08-28 4 12.5 1 5
2020-08-28 4 6.5 1 4
2020-08-28 4 7.0 1 5
2020-08-28 4 7.5 1 5
2020-08-28 4 8.0 1 5
2020-08-28 4 9.0 1 5
2020-08-28 4 10.0 1 5
2020-08-28 4 11.0 1 5
2020-08-28 4 8.5 1 5
2020-08-28 4 9.5 1 5
2020-08-28 4 10.5 1 5
2020-08-28 4 11.5 1 5
2020-08-29 5 1.0 0 5
2020-08-29 5 2.0 0 5
2020-08-29 5 1.5 0 5
2020-08-29 5 2.5 0 5
2020-08-29 5 3.0 0 5
2020-08-29 5 3.5 0 5
2020-08-29 5 4.0 0 5
2020-08-29 5 4.5 0 5
2020-08-29 5 5.0 0 5
2020-08-29 5 5.5 0 5
2020-08-29 5 6.0 0 5
2020-08-29 5 12.0 0 5
2020-08-29 5 12.5 0 5
2020-08-29 5 6.5 0 5
2020-08-29 5 7.0 0 5
2020-08-29 5 7.5 0 5
2020-08-29 5 8.0 0 5
2020-08-29 5 9.0 0 5
2020-08-29 5 10.0 0 0
2020-08-29 5 11.0 0 5
2020-08-29 5 8.5 0 5
2020-08-29 5 9.5 0 5
2020-08-29 5 10.5 0 0
2020-08-29 5 11.5 0 5
2020-08-29 5 1.0 1 1
2020-08-29 5 2.0 1 5
2020-08-29 5 1.5 1 1
2020-08-29 5 2.5 1 5
2020-08-29 5 3.0 1 5
2020-08-29 5 3.5 1 5
2020-08-29 5 4.0 1 3
2020-08-29 5 4.5 1 3
2020-08-29 5 5.0 1 3
2020-08-29 5 5.5 1 3
2020-08-29 5 6.0 1 4
2020-08-29 5 12.0 1 5
2020-08-29 5 12.5 1 5
2020-08-29 5 6.5 1 4
2020-08-29 5 7.0 1 5
2020-08-29 5 7.5 1 5
2020-08-29 5 8.0 1 5
2020-08-29 5 9.0 1 5
2020-08-29 5 10.0 1 5
2020-08-29 5 11.0 1 5
2020-08-29 5 8.5 1 5
2020-08-29 5 9.5 1 5
2020-08-29 5 10.5 1 5
2020-08-29 5 11.5 1 5
2020-08-30 6 1.0 0 5
2020-08-30 6 2.0 0 5
2020-08-30 6 1.5 0 5
2020-08-30 6 2.5 0 5
2020-08-30 6 3.0 0 5
2020-08-30 6 3.5 0 5
2020-08-30 6 4.0 0 5
2020-08-30 6 4.5 0 5
2020-08-30 6 5.0 0 5
2020-08-30 6 5.5 0 5
2020-08-30 6 6.0 0 5
2020-08-30 6 12.0 0 5
2020-08-30 6 12.5 0 5
2020-08-30 6 6.5 0 5
2020-08-30 6 7.0 0 5
2020-08-30 6 7.5 0 5
2020-08-30 6 8.0 0 5
2020-08-30 6 9.0 0 5
2020-08-30 6 10.0 0 0
2020-08-30 6 11.0 0 5
2020-08-30 6 8.5 0 5
2020-08-30 6 9.5 0 5
2020-08-30 6 10.5 0 0
2020-08-30 6 11.5 0 5
2020-08-30 6 1.0 1 1
2020-08-30 6 2.0 1 5
2020-08-30 6 1.5 1 1
2020-08-30 6 2.5 1 5
2020-08-30 6 3.0 1 5
2020-08-30 6 3.5 1 5
2020-08-30 6 4.0 1 3
2020-08-30 6 4.5 1 3
2020-08-30 6 5.0 1 3
2020-08-30 6 5.5 1 3
2020-08-30 6 6.0 1 4
2020-08-30 6 12.0 1 5
2020-08-30 6 12.5 1 5
2020-08-30 6 6.5 1 4
2020-08-30 6 7.0 1 5
2020-08-30 6 7.5 1 5
2020-08-30 6 8.0 1 5
2020-08-30 6 9.0 1 5
2020-08-30 6 10.0 1 5
2020-08-30 6 11.0 1 5
2020-08-30 6 8.5 1 5
2020-08-30 6 9.5 1 5
2020-08-30 6 10.5 1 5
2020-08-30 6 11.5 1 5
2020-08-31 0 1.0 0 5
2020-08-31 0 2.0 0 5
2020-08-31 0 1.5 0 5
2020-08-31 0 2.5 0 5
2020-08-31 0 3.0 0 5
2020-08-31 0 3.5 0 5
2020-08-31 0 4.0 0 5
2020-08-31 0 4.5 0 5
2020-08-31 0 5.0 0 5
2020-08-31 0 5.5 0 5
2020-08-31 0 6.0 0 5
2020-08-31 0 12.0 0 5
2020-08-31 0 12.5 0 5
2020-08-31 0 6.5 0 5
2020-08-31 0 7.0 0 5
2020-08-31 0 7.5 0 5
2020-08-31 0 8.0 0 5
2020-08-31 0 9.0 0 5
2020-08-31 0 10.0 0 5
2020-08-31 0 11.0 0 5
2020-08-31 0 8.5 0 5
2020-08-31 0 9.5 0 5
2020-08-31 0 10.5 0 5
2020-08-31 0 11.5 0 5
2020-08-31 0 1.0 1 1
2020-08-31 0 2.0 1 5
2020-08-31 0 1.5 1 1
2020-08-31 0 2.5 1 5
2020-08-31 0 3.0 1 5
2020-08-31 0 3.5 1 5
2020-08-31 0 4.0 1 5
2020-08-31 0 4.5 1 5
2020-08-31 0 5.0 1 5
2020-08-31 0 5.5 1 5
2020-08-31 0 6.0 1 4
2020-08-31 0 12.0 1 5
2020-08-31 0 12.5 1 5
2020-08-31 0 6.5 1 4
2020-08-31 0 7.0 1 5
2020-08-31 0 7.5 1 5
2020-08-31 0 8.0 1 5
2020-08-31 0 9.0 1 5
2020-08-31 0 10.0 1 5
2020-08-31 0 11.0 1 5
2020-08-31 0 8.5 1 5
2020-08-31 0 9.5 1 5
2020-08-31 0 10.5 1 5
2020-08-31 0 11.5 1 5
2020-09-01 1 1.0 0 5
2020-09-01 1 2.0 0 5
2020-09-01 1 1.5 0 5
2020-09-01 1 2.5 0 5
2020-09-01 1 3.0 0 5
2020-09-01 1 3.5 0 5
2020-09-01 1 4.0 0 5
2020-09-01 1 4.5 0 5
2020-09-01 1 5.0 0 5
2020-09-01 1 5.5 0 5
2020-09-01 1 6.0 0 5
2020-09-01 1 12.0 0 5
2020-09-01 1 12.5 0 5
2020-09-01 1 6.5 0 5
2020-09-01 1 7.0 0 5
2020-09-01 1 7.5 0 5
2020-09-01 1 8.0 0 5
2020-09-01 1 9.0 0 5
2020-09-01 1 10.0 0 5
2020-09-01 1 11.0 0 5
2020-09-01 1 8.5 0 5
2020-09-01 1 9.5 0 5
2020-09-01 1 10.5 0 5
2020-09-01 1 11.5 0 5
2020-09-01 1 1.0 1 1
2020-09-01 1 2.0 1 5
2020-09-01 1 1.5 1 1
2020-09-01 1 2.5 1 5
2020-09-01 1 3.0 1 5
2020-09-01 1 3.5 1 5
2020-09-01 1 4.0 1 5
2020-09-01 1 4.5 1 5
2020-09-01 1 5.0 1 5
2020-09-01 1 5.5 1 5
2020-09-01 1 6.0 1 4
2020-09-01 1 12.0 1 5
2020-09-01 1 12.5 1 5
2020-09-01 1 6.5 1 4
2020-09-01 1 7.0 1 5
2020-09-01 1 7.5 1 5
2020-09-01 1 8.0 1 5
2020-09-01 1 9.0 1 5
2020-09-01 1 10.0 1 5
2020-09-01 1 11.0 1 5
2020-09-01 1 8.5 1 5
2020-09-01 1 9.5 1 5
2020-09-01 1 10.5 1 5
2020-09-01 1 11.5 1 5
2020-09-02 2 1.0 0 5
2020-09-02 2 2.0 0 5
2020-09-02 2 1.5 0 5
2020-09-02 2 2.5 0 5
2020-09-02 2 3.0 0 5
2020-09-02 2 3.5 0 5
2020-09-02 2 4.0 0 5
2020-09-02 2 4.5 0 5
2020-09-02 2 5.0 0 5
2020-09-02 2 5.5 0 5
2020-09-02 2 6.0 0 5
2020-09-02 2 12.0 0 5
2020-09-02 2 12.5 0 5
2020-09-02 2 6.5 0 5
2020-09-02 2 7.0 0 5
2020-09-02 2 7.5 0 5
2020-09-02 2 8.0 0 5
2020-09-02 2 9.0 0 5
2020-09-02 2 10.0 0 0
2020-09-02 2 11.0 0 5
2020-09-02 2 8.5 0 5
2020-09-02 2 9.5 0 5
2020-09-02 2 10.5 0 0
2020-09-02 2 11.5 0 5
2020-09-02 2 1.0 1 1
2020-09-02 2 2.0 1 5
2020-09-02 2 1.5 1 1
2020-09-02 2 2.5 1 5
2020-09-02 2 3.0 1 5
2020-09-02 2 3.5 1 5
2020-09-02 2 4.0 1 3
2020-09-02 2 4.5 1 3
2020-09-02 2 5.0 1 3
2020-09-02 2 5.5 1 3
2020-09-02 2 6.0 1 4
2020-09-02 2 12.0 1 5
2020-09-02 2 12.5 1 5
2020-09-02 2 6.5 1 4
2020-09-02 2 7.0 1 5
2020-09-02 2 7.5 1 5
2020-09-02 2 8.0 1 5
2020-09-02 2 9.0 1 5
2020-09-02 2 10.0 1 5
2020-09-02 2 11.0 1 5
2020-09-02 2 8.5 1 5
2020-09-02 2 9.5 1 5
2020-09-02 2 10.5 1 5
2020-09-02 2 11.5 1 5
2020-09-03 3 1.0 0 5
2020-09-03 3 2.0 0 5
2020-09-03 3 1.5 0 5
2020-09-03 3 2.5 0 5
2020-09-03 3 3.0 0 5
2020-09-03 3 3.5 0 5
2020-09-03 3 4.0 0 5
2020-09-03 3 4.5 0 5
2020-09-03 3 5.0 0 5
2020-09-03 3 5.5 0 5
2020-09-03 3 6.0 0 5
2020-09-03 3 12.0 0 5
2020-09-03 3 12.5 0 5
2020-09-03 3 6.5 0 5
2020-09-03 3 7.0 0 5
2020-09-03 3 7.5 0 5
2020-09-03 3 8.0 0 5
2020-09-03 3 9.0 0 5
2020-09-03 3 10.0 0 0
2020-09-03 3 11.0 0 5
2020-09-03 3 8.5 0 5
2020-09-03 3 9.5 0 5
2020-09-03 3 10.5 0 0
2020-09-03 3 11.5 0 5
2020-09-03 3 1.0 1 1
2020-09-03 3 2.0 1 5
2020-09-03 3 1.5 1 1
2020-09-03 3 2.5 1 5
2020-09-03 3 3.0 1 5
2020-09-03 3 3.5 1 5
2020-09-03 3 4.0 1 3
2020-09-03 3 4.5 1 3
2020-09-03 3 5.0 1 3
2020-09-03 3 5.5 1 3
2020-09-03 3 6.0 1 4
2020-09-03 3 12.0 1 5
2020-09-03 3 12.5 1 5
2020-09-03 3 6.5 1 4
2020-09-03 3 7.0 1 5
2020-09-03 3 7.5 1 5
2020-09-03 3 8.0 1 5
2020-09-03 3 9.0 1 5
2020-09-03 3 10.0 1 5
2020-09-03 3 11.0 1 5
2020-09-03 3 8.5 1 5
2020-09-03 3 9.5 1 5
2020-09-03 3 10.5 1 5
2020-09-03 3 11.5 1 5
2020-09-04 4 1.0 0 5
2020-09-04 4 2.0 0 5
2020-09-04 4 1.5 0 5
2020-09-04 4 2.5 0 5
2020-09-04 4 3.0 0 5
2020-09-04 4 3.5 0 5
2020-09-04 4 4.0 0 5
2020-09-04 4 4.5 0 5
2020-09-04 4 5.0 0 5
2020-09-04 4 5.5 0 5
2020-09-04 4 6.0 0 5
2020-09-04 4 12.0 0 5
2020-09-04 4 12.5 0 5
2020-09-04 4 6.5 0 5
2020-09-04 4 7.0 0 5
2020-09-04 4 7.5 0 5
2020-09-04 4 8.0 0 5
2020-09-04 4 9.0 0 5
2020-09-04 4 10.0 0 0
2020-09-04 4 11.0 0 5
2020-09-04 4 8.5 0 5
2020-09-04 4 9.5 0 5
2020-09-04 4 10.5 0 0
2020-09-04 4 11.5 0 5
2020-09-04 4 1.0 1 1
2020-09-04 4 2.0 1 5
2020-09-04 4 1.5 1 1
2020-09-04 4 2.5 1 5
2020-09-04 4 3.0 1 5
2020-09-04 4 3.5 1 5
2020-09-04 4 4.0 1 3
2020-09-04 4 4.5 1 3
2020-09-04 4 5.0 1 3
2020-09-04 4 5.5 1 3
2020-09-04 4 6.0 1 4
2020-09-04 4 12.0 1 5
2020-09-04 4 12.5 1 5
2020-09-04 4 6.5 1 4
2020-09-04 4 7.0 1 5
2020-09-04 4 7.5 1 5
2020-09-04 4 8.0 1 5
2020-09-04 4 9.0 1 5
2020-09-04 4 10.0 1 5
2020-09-04 4 11.0 1 5
2020-09-04 4 8.5 1 5
2020-09-04 4 9.5 1 5
2020-09-04 4 10.5 1 5
2020-09-04 4 11.5 1 5
2020-09-05 5 1.0 0 5
2020-09-05 5 2.0 0 5
2020-09-05 5 1.5 0 5
2020-09-05 5 2.5 0 5
2020-09-05 5 3.0 0 5
2020-09-05 5 3.5 0 5
2020-09-05 5 4.0 0 5
2020-09-05 5 4.5 0 5
2020-09-05 5 5.0 0 5
2020-09-05 5 5.5 0 5
2020-09-05 5 6.0 0 5
2020-09-05 5 12.0 0 5
2020-09-05 5 12.5 0 5
2020-09-05 5 6.5 0 5
2020-09-05 5 7.0 0 5
2020-09-05 5 7.5 0 5
2020-09-05 5 8.0 0 5
2020-09-05 5 9.0 0 5
2020-09-05 5 10.0 0 0
2020-09-05 5 11.0 0 5
2020-09-05 5 8.5 0 5
2020-09-05 5 9.5 0 5
2020-09-05 5 10.5 0 0
2020-09-05 5 11.5 0 5
2020-09-05 5 1.0 1 1
2020-09-05 5 2.0 1 5
2020-09-05 5 1.5 1 1
2020-09-05 5 2.5 1 5
2020-09-05 5 3.0 1 5
2020-09-05 5 3.5 1 5
2020-09-05 5 4.0 1 3
2020-09-05 5 4.5 1 3
2020-09-05 5 5.0 1 3
2020-09-05 5 5.5 1 3
2020-09-05 5 6.0 1 4
2020-09-05 5 12.0 1 5
2020-09-05 5 12.5 1 5
2020-09-05 5 6.5 1 4
2020-09-05 5 7.0 1 5
2020-09-05 5 7.5 1 5
2020-09-05 5 8.0 1 5
2020-09-05 5 9.0 1 5
2020-09-05 5 10.0 1 5
2020-09-05 5 11.0 1 5
2020-09-05 5 8.5 1 5
2020-09-05 5 9.5 1 5
2020-09-05 5 10.5 1 5
2020-09-05 5 11.5 1 5
2020-09-06 6 1.0 0 5
2020-09-06 6 2.0 0 5
2020-09-06 6 1.5 0 5
2020-09-06 6 2.5 0 5
2020-09-06 6 3.0 0 5
2020-09-06 6 3.5 0 5
2020-09-06 6 4.0 0 5
2020-09-06 6 4.5 0 5
2020-09-06 6 5.0 0 5
2020-09-06 6 5.5 0 5
2020-09-06 6 6.0 0 5
2020-09-06 6 12.0 0 5
2020-09-06 6 12.5 0 5
2020-09-06 6 6.5 0 5
2020-09-06 6 7.0 0 5
2020-09-06 6 7.5 0 5
2020-09-06 6 8.0 0 5
2020-09-06 6 9.0 0 5
2020-09-06 6 10.0 0 0
2020-09-06 6 11.0 0 5
2020-09-06 6 8.5 0 5
2020-09-06 6 9.5 0 5
2020-09-06 6 10.5 0 0
2020-09-06 6 11.5 0 5
2020-09-06 6 1.0 1 1
2020-09-06 6 2.0 1 5
2020-09-06 6 1.5 1 1
2020-09-06 6 2.5 1 5
2020-09-06 6 3.0 1 5
2020-09-06 6 3.5 1 5
2020-09-06 6 4.0 1 3
2020-09-06 6 4.5 1 3
2020-09-06 6 5.0 1 3
2020-09-06 6 5.5 1 3
2020-09-06 6 6.0 1 4
2020-09-06 6 12.0 1 5
2020-09-06 6 12.5 1 5
2020-09-06 6 6.5 1 4
2020-09-06 6 7.0 1 5
2020-09-06 6 7.5 1 5
2020-09-06 6 8.0 1 5
2020-09-06 6 9.0 1 5
2020-09-06 6 10.0 1 5
2020-09-06 6 11.0 1 5
2020-09-06 6 8.5 1 5
2020-09-06 6 9.5 1 5
2020-09-06 6 10.5 1 5
2020-09-06 6 11.5 1 5
2020-09-07 0 1.0 0 5
2020-09-07 0 2.0 0 5
2020-09-07 0 1.5 0 5
2020-09-07 0 2.5 0 5
2020-09-07 0 3.0 0 5
2020-09-07 0 3.5 0 5
2020-09-07 0 4.0 0 5
2020-09-07 0 4.5 0 5
2020-09-07 0 5.0 0 5
2020-09-07 0 5.5 0 5
2020-09-07 0 6.0 0 5
2020-09-07 0 12.0 0 5
2020-09-07 0 12.5 0 5
2020-09-07 0 6.5 0 5
2020-09-07 0 7.0 0 5
2020-09-07 0 7.5 0 5
2020-09-07 0 8.0 0 5
2020-09-07 0 9.0 0 5
2020-09-07 0 10.0 0 5
2020-09-07 0 11.0 0 5
2020-09-07 0 8.5 0 5
2020-09-07 0 9.5 0 5
2020-09-07 0 10.5 0 5
2020-09-07 0 11.5 0 5
2020-09-07 0 1.0 1 1
2020-09-07 0 2.0 1 5
2020-09-07 0 1.5 1 1
2020-09-07 0 2.5 1 5
2020-09-07 0 3.0 1 5
2020-09-07 0 3.5 1 5
2020-09-07 0 4.0 1 5
2020-09-07 0 4.5 1 5
2020-09-07 0 5.0 1 5
2020-09-07 0 5.5 1 5
2020-09-07 0 6.0 1 4
2020-09-07 0 12.0 1 5
2020-09-07 0 12.5 1 5
2020-09-07 0 6.5 1 4
2020-09-07 0 7.0 1 5
2020-09-07 0 7.5 1 5
2020-09-07 0 8.0 1 5
2020-09-07 0 9.0 1 5
2020-09-07 0 10.0 1 5
2020-09-07 0 11.0 1 5
2020-09-07 0 8.5 1 5
2020-09-07 0 9.5 1 5
2020-09-07 0 10.5 1 5
2020-09-07 0 11.5 1 5
2020-09-08 1 1.0 0 5
2020-09-08 1 2.0 0 5
2020-09-08 1 1.5 0 5
2020-09-08 1 2.5 0 5
2020-09-08 1 3.0 0 5
2020-09-08 1 3.5 0 5
2020-09-08 1 4.0 0 5
2020-09-08 1 4.5 0 5
2020-09-08 1 5.0 0 5
2020-09-08 1 5.5 0 5
2020-09-08 1 6.0 0 5
2020-09-08 1 12.0 0 5
2020-09-08 1 12.5 0 5
2020-09-08 1 6.5 0 5
2020-09-08 1 7.0 0 5
2020-09-08 1 7.5 0 5
2020-09-08 1 8.0 0 5
2020-09-08 1 9.0 0 5
2020-09-08 1 10.0 0 5
2020-09-08 1 11.0 0 5
2020-09-08 1 8.5 0 5
2020-09-08 1 9.5 0 5
2020-09-08 1 10.5 0 5
2020-09-08 1 11.5 0 5
2020-09-08 1 1.0 1 1
2020-09-08 1 2.0 1 5
2020-09-08 1 1.5 1 1
2020-09-08 1 2.5 1 5
2020-09-08 1 3.0 1 5
2020-09-08 1 3.5 1 5
2020-09-08 1 4.0 1 5
2020-09-08 1 4.5 1 5
2020-09-08 1 5.0 1 5
2020-09-08 1 5.5 1 5
2020-09-08 1 6.0 1 4
2020-09-08 1 12.0 1 5
2020-09-08 1 12.5 1 5
2020-09-08 1 6.5 1 4
2020-09-08 1 7.0 1 5
2020-09-08 1 7.5 1 5
2020-09-08 1 8.0 1 5
2020-09-08 1 9.0 1 5
2020-09-08 1 10.0 1 5
2020-09-08 1 11.0 1 5
2020-09-08 1 8.5 1 5
2020-09-08 1 9.5 1 5
2020-09-08 1 10.5 1 5
2020-09-08 1 11.5 1 5
2020-09-09 2 1.0 0 5
2020-09-09 2 2.0 0 5
2020-09-09 2 1.5 0 5
2020-09-09 2 2.5 0 5
2020-09-09 2 3.0 0 5
2020-09-09 2 3.5 0 5
2020-09-09 2 4.0 0 5
2020-09-09 2 4.5 0 5
2020-09-09 2 5.0 0 5
2020-09-09 2 5.5 0 5
2020-09-09 2 6.0 0 5
2020-09-09 2 12.0 0 5
2020-09-09 2 12.5 0 5
2020-09-09 2 6.5 0 5
2020-09-09 2 7.0 0 5
2020-09-09 2 7.5 0 5
2020-09-09 2 8.0 0 5
2020-09-09 2 9.0 0 5
2020-09-09 2 10.0 0 0
2020-09-09 2 11.0 0 5
2020-09-09 2 8.5 0 5
2020-09-09 2 9.5 0 5
2020-09-09 2 10.5 0 0
2020-09-09 2 11.5 0 5
2020-09-09 2 1.0 1 1
2020-09-09 2 2.0 1 5
2020-09-09 2 1.5 1 1
2020-09-09 2 2.5 1 5
2020-09-09 2 3.0 1 5
2020-09-09 2 3.5 1 5
2020-09-09 2 4.0 1 3
2020-09-09 2 4.5 1 3
2020-09-09 2 5.0 1 3
2020-09-09 2 5.5 1 3
2020-09-09 2 6.0 1 4
2020-09-09 2 12.0 1 5
2020-09-09 2 12.5 1 5
2020-09-09 2 6.5 1 4
2020-09-09 2 7.0 1 5
2020-09-09 2 7.5 1 5
2020-09-09 2 8.0 1 5
2020-09-09 2 9.0 1 5
2020-09-09 2 10.0 1 5
2020-09-09 2 11.0 1 5
2020-09-09 2 8.5 1 5
2020-09-09 2 9.5 1 5
2020-09-09 2 10.5 1 5
2020-09-09 2 11.5 1 5
2020-09-10 3 1.0 0 5
2020-09-10 3 2.0 0 5
2020-09-10 3 1.5 0 5
2020-09-10 3 2.5 0 5
2020-09-10 3 3.0 0 5
2020-09-10 3 3.5 0 5
2020-09-10 3 4.0 0 5
2020-09-10 3 4.5 0 5
2020-09-10 3 5.0 0 5
2020-09-10 3 5.5 0 5
2020-09-10 3 6.0 0 5
2020-09-10 3 12.0 0 5
2020-09-10 3 12.5 0 5
2020-09-10 3 6.5 0 5
2020-09-10 3 7.0 0 5
2020-09-10 3 7.5 0 5
2020-09-10 3 8.0 0 5
2020-09-10 3 9.0 0 5
2020-09-10 3 10.0 0 0
2020-09-10 3 11.0 0 5
2020-09-10 3 8.5 0 5
2020-09-10 3 9.5 0 5
2020-09-10 3 10.5 0 0
2020-09-10 3 11.5 0 5
2020-09-10 3 1.0 1 1
2020-09-10 3 2.0 1 5
2020-09-10 3 1.5 1 1
2020-09-10 3 2.5 1 5
2020-09-10 3 3.0 1 5
2020-09-10 3 3.5 1 5
2020-09-10 3 4.0 1 3
2020-09-10 3 4.5 1 3
2020-09-10 3 5.0 1 3
2020-09-10 3 5.5 1 3
2020-09-10 3 6.0 1 4
2020-09-10 3 12.0 1 5
2020-09-10 3 12.5 1 5
2020-09-10 3 6.5 1 4
2020-09-10 3 7.0 1 5
2020-09-10 3 7.5 1 5
2020-09-10 3 8.0 1 5
2020-09-10 3 9.0 1 5
2020-09-10 3 10.0 1 5
2020-09-10 3 11.0 1 5
2020-09-10 3 8.5 1 5
2020-09-10 3 9.5 1 5
2020-09-10 3 10.5 1 5
2020-09-10 3 11.5 1 5
2020-09-11 4 1.0 0 5
2020-09-11 4 2.0 0 5
2020-09-11 4 1.5 0 5
2020-09-11 4 2.5 0 5
2020-09-11 4 3.0 0 5
2020-09-11 4 3.5 0 5
2020-09-11 4 4.0 0 5
2020-09-11 4 4.5 0 5
2020-09-11 4 5.0 0 5
2020-09-11 4 5.5 0 5
2020-09-11 4 6.0 0 5
2020-09-11 4 12.0 0 5
2020-09-11 4 12.5 0 5
2020-09-11 4 6.5 0 5
2020-09-11 4 7.0 0 5
2020-09-11 4 7.5 0 5
2020-09-11 4 8.0 0 5
2020-09-11 4 9.0 0 5
2020-09-11 4 10.0 0 0
2020-09-11 4 11.0 0 5
2020-09-11 4 8.5 0 5
2020-09-11 4 9.5 0 5
2020-09-11 4 10.5 0 0
2020-09-11 4 11.5 0 5
2020-09-11 4 1.0 1 1
2020-09-11 4 2.0 1 5
2020-09-11 4 1.5 1 1
2020-09-11 4 2.5 1 5
2020-09-11 4 3.0 1 5
2020-09-11 4 3.5 1 5
2020-09-11 4 4.0 1 3
2020-09-11 4 4.5 1 3
2020-09-11 4 5.0 1 3
2020-09-11 4 5.5 1 3
2020-09-11 4 6.0 1 4
2020-09-11 4 12.0 1 5
2020-09-11 4 12.5 1 5
2020-09-11 4 6.5 1 4
2020-09-11 4 7.0 1 5
2020-09-11 4 7.5 1 5
2020-09-11 4 8.0 1 5
2020-09-11 4 9.0 1 5
2020-09-11 4 10.0 1 5
2020-09-11 4 11.0 1 5
2020-09-11 4 8.5 1 5
2020-09-11 4 9.5 1 5
2020-09-11 4 10.5 1 5
2020-09-11 4 11.5 1 5
2020-09-12 5 1.0 0 5
2020-09-12 5 2.0 0 5
2020-09-12 5 1.5 0 5
2020-09-12 5 2.5 0 5
2020-09-12 5 3.0 0 5
2020-09-12 5 3.5 0 5
2020-09-12 5 4.0 0 5
2020-09-12 5 4.5 0 5
2020-09-12 5 5.0 0 5
2020-09-12 5 5.5 0 5
2020-09-12 5 6.0 0 5
2020-09-12 5 12.0 0 5
2020-09-12 5 12.5 0 5
2020-09-12 5 6.5 0 5
2020-09-12 5 7.0 0 5
2020-09-12 5 7.5 0 5
2020-09-12 5 8.0 0 5
2020-09-12 5 9.0 0 5
2020-09-12 5 10.0 0 0
2020-09-12 5 11.0 0 5
2020-09-12 5 8.5 0 5
2020-09-12 5 9.5 0 5
2020-09-12 5 10.5 0 0
2020-09-12 5 11.5 0 5
2020-09-12 5 1.0 1 1
2020-09-12 5 2.0 1 5
2020-09-12 5 1.5 1 1
2020-09-12 5 2.5 1 5
2020-09-12 5 3.0 1 5
2020-09-12 5 3.5 1 5
2020-09-12 5 4.0 1 3
2020-09-12 5 4.5 1 3
2020-09-12 5 5.0 1 3
2020-09-12 5 5.5 1 3
2020-09-12 5 6.0 1 4
2020-09-12 5 12.0 1 5
2020-09-12 5 12.5 1 5
2020-09-12 5 6.5 1 4
2020-09-12 5 7.0 1 5
2020-09-12 5 7.5 1 5
2020-09-12 5 8.0 1 5
2020-09-12 5 9.0 1 5
2020-09-12 5 10.0 1 5
2020-09-12 5 11.0 1 5
2020-09-12 5 8.5 1 5
2020-09-12 5 9.5 1 5
2020-09-12 5 10.5 1 5
2020-09-12 5 11.5 1 5
2020-09-13 6 1.0 0 5
2020-09-13 6 2.0 0 5
2020-09-13 6 1.5 0 5
2020-09-13 6 2.5 0 5
2020-09-13 6 3.0 0 5
2020-09-13 6 3.5 0 5
2020-09-13 6 4.0 0 5
2020-09-13 6 4.5 0 5
2020-09-13 6 5.0 0 5
2020-09-13 6 5.5 0 5
2020-09-13 6 6.0 0 5
2020-09-13 6 12.0 0 5
2020-09-13 6 12.5 0 5
2020-09-13 6 6.5 0 5
2020-09-13 6 7.0 0 5
2020-09-13 6 7.5 0 5
2020-09-13 6 8.0 0 5
2020-09-13 6 9.0 0 5
2020-09-13 6 10.0 0 0
2020-09-13 6 11.0 0 5
2020-09-13 6 8.5 0 5
2020-09-13 6 9.5 0 5
2020-09-13 6 10.5 0 0
2020-09-13 6 11.5 0 5
2020-09-13 6 1.0 1 1
2020-09-13 6 2.0 1 5
2020-09-13 6 1.5 1 1
2020-09-13 6 2.5 1 5
2020-09-13 6 3.0 1 5
2020-09-13 6 3.5 1 5
2020-09-13 6 4.0 1 3
2020-09-13 6 4.5 1 3
2020-09-13 6 5.0 1 3
2020-09-13 6 5.5 1 3
2020-09-13 6 6.0 1 4
2020-09-13 6 12.0 1 5
2020-09-13 6 12.5 1 5
2020-09-13 6 6.5 1 4
2020-09-13 6 7.0 1 5
2020-09-13 6 7.5 1 5
2020-09-13 6 8.0 1 5
2020-09-13 6 9.0 1 5
2020-09-13 6 10.0 1 5
2020-09-13 6 11.0 1 5
2020-09-13 6 8.5 1 5
2020-09-13 6 9.5 1 5
2020-09-13 6 10.5 1 5
2020-09-13 6 11.5 1 5
2020-09-14 0 1.0 0 5
2020-09-14 0 2.0 0 5
2020-09-14 0 1.5 0 5
2020-09-14 0 2.5 0 5
2020-09-14 0 3.0 0 5
2020-09-14 0 3.5 0 5
2020-09-14 0 4.0 0 5
2020-09-14 0 4.5 0 5
2020-09-14 0 5.0 0 5
2020-09-14 0 5.5 0 5
2020-09-14 0 6.0 0 5
2020-09-14 0 12.0 0 5
2020-09-14 0 12.5 0 5
2020-09-14 0 6.5 0 5
2020-09-14 0 7.0 0 5
2020-09-14 0 7.5 0 5
2020-09-14 0 8.0 0 5
2020-09-14 0 9.0 0 5
2020-09-14 0 10.0 0 5
2020-09-14 0 11.0 0 5
2020-09-14 0 8.5 0 5
2020-09-14 0 9.5 0 5
2020-09-14 0 10.5 0 5
2020-09-14 0 11.5 0 5
2020-09-14 0 1.0 1 1
2020-09-14 0 2.0 1 5
2020-09-14 0 1.5 1 1
2020-09-14 0 2.5 1 5
2020-09-14 0 3.0 1 5
2020-09-14 0 3.5 1 5
2020-09-14 0 4.0 1 5
2020-09-14 0 4.5 1 5
2020-09-14 0 5.0 1 5
2020-09-14 0 5.5 1 5
2020-09-14 0 6.0 1 4
2020-09-14 0 12.0 1 5
2020-09-14 0 12.5 1 5
2020-09-14 0 6.5 1 4
2020-09-14 0 7.0 1 5
2020-09-14 0 7.5 1 5
2020-09-14 0 8.0 1 5
2020-09-14 0 9.0 1 5
2020-09-14 0 10.0 1 5
2020-09-14 0 11.0 1 5
2020-09-14 0 8.5 1 5
2020-09-14 0 9.5 1 5
2020-09-14 0 10.5 1 5
2020-09-14 0 11.5 1 5
2020-09-15 1 1.0 0 5
2020-09-15 1 2.0 0 5
2020-09-15 1 1.5 0 5
2020-09-15 1 2.5 0 5
2020-09-15 1 3.0 0 5
2020-09-15 1 3.5 0 5
2020-09-15 1 4.0 0 5
2020-09-15 1 4.5 0 5
2020-09-15 1 5.0 0 5
2020-09-15 1 5.5 0 5
2020-09-15 1 6.0 0 5
2020-09-15 1 12.0 0 5
2020-09-15 1 12.5 0 5
2020-09-15 1 6.5 0 5
2020-09-15 1 7.0 0 5
2020-09-15 1 7.5 0 5
2020-09-15 1 8.0 0 5
2020-09-15 1 9.0 0 5
2020-09-15 1 10.0 0 5
2020-09-15 1 11.0 0 5
2020-09-15 1 8.5 0 5
2020-09-15 1 9.5 0 5
2020-09-15 1 10.5 0 5
2020-09-15 1 11.5 0 5
2020-09-15 1 1.0 1 1
2020-09-15 1 2.0 1 5
2020-09-15 1 1.5 1 1
2020-09-15 1 2.5 1 5
2020-09-15 1 3.0 1 5
2020-09-15 1 3.5 1 5
2020-09-15 1 4.0 1 5
2020-09-15 1 4.5 1 5
2020-09-15 1 5.0 1 5
2020-09-15 1 5.5 1 5
2020-09-15 1 6.0 1 4
2020-09-15 1 12.0 1 5
2020-09-15 1 12.5 1 5
2020-09-15 1 6.5 1 4
2020-09-15 1 7.0 1 5
2020-09-15 1 7.5 1 5
2020-09-15 1 8.0 1 5
2020-09-15 1 9.0 1 5
2020-09-15 1 10.0 1 5
2020-09-15 1 11.0 1 5
2020-09-15 1 8.5 1 5
2020-09-15 1 9.5 1 5
2020-09-15 1 10.5 1 5
2020-09-15 1 11.5 1 5
2020-09-16 2 1.0 0 5
2020-09-16 2 2.0 0 5
2020-09-16 2 1.5 0 5
2020-09-16 2 2.5 0 5
2020-09-16 2 3.0 0 5
2020-09-16 2 3.5 0 5
2020-09-16 2 4.0 0 5
2020-09-16 2 4.5 0 5
2020-09-16 2 5.0 0 5
2020-09-16 2 5.5 0 5
2020-09-16 2 6.0 0 5
2020-09-16 2 12.0 0 5
2020-09-16 2 12.5 0 5
2020-09-16 2 6.5 0 5
2020-09-16 2 7.0 0 5
2020-09-16 2 7.5 0 5
2020-09-16 2 8.0 0 5
2020-09-16 2 9.0 0 5
2020-09-16 2 10.0 0 0
2020-09-16 2 11.0 0 5
2020-09-16 2 8.5 0 5
2020-09-16 2 9.5 0 5
2020-09-16 2 10.5 0 0
2020-09-16 2 11.5 0 5
2020-09-16 2 1.0 1 2
2020-09-16 2 2.0 1 5
2020-09-16 2 1.5 1 2
2020-09-16 2 2.5 1 5
2020-09-16 2 3.0 1 5
2020-09-16 2 3.5 1 5
2020-09-16 2 4.0 1 3
2020-09-16 2 4.5 1 3
2020-09-16 2 5.0 1 3
2020-09-16 2 5.5 1 3
2020-09-16 2 6.0 1 4
2020-09-16 2 12.0 1 1
2020-09-16 2 12.5 1 1
2020-09-16 2 6.5 1 4
2020-09-16 2 7.0 1 5
2020-09-16 2 7.5 1 5
2020-09-16 2 8.0 1 5
2020-09-16 2 9.0 1 5
2020-09-16 2 10.0 1 5
2020-09-16 2 11.0 1 5
2020-09-16 2 8.5 1 5
2020-09-16 2 9.5 1 5
2020-09-16 2 10.5 1 5
2020-09-16 2 11.5 1 5
2020-09-17 3 1.0 0 5
2020-09-17 3 2.0 0 5
2020-09-17 3 1.5 0 5
2020-09-17 3 2.5 0 5
2020-09-17 3 3.0 0 5
2020-09-17 3 3.5 0 5
2020-09-17 3 4.0 0 5
2020-09-17 3 4.5 0 5
2020-09-17 3 5.0 0 5
2020-09-17 3 5.5 0 5
2020-09-17 3 6.0 0 5
2020-09-17 3 12.0 0 5
2020-09-17 3 12.5 0 5
2020-09-17 3 6.5 0 5
2020-09-17 3 7.0 0 5
2020-09-17 3 7.5 0 5
2020-09-17 3 8.0 0 5
2020-09-17 3 9.0 0 5
2020-09-17 3 10.0 0 0
2020-09-17 3 11.0 0 5
2020-09-17 3 8.5 0 5
2020-09-17 3 9.5 0 5
2020-09-17 3 10.5 0 0
2020-09-17 3 11.5 0 5
2020-09-17 3 1.0 1 2
2020-09-17 3 2.0 1 5
2020-09-17 3 1.5 1 2
2020-09-17 3 2.5 1 5
2020-09-17 3 3.0 1 5
2020-09-17 3 3.5 1 5
2020-09-17 3 4.0 1 3
2020-09-17 3 4.5 1 3
2020-09-17 3 5.0 1 3
2020-09-17 3 5.5 1 3
2020-09-17 3 6.0 1 4
2020-09-17 3 12.0 1 1
2020-09-17 3 12.5 1 1
2020-09-17 3 6.5 1 4
2020-09-17 3 7.0 1 5
2020-09-17 3 7.5 1 5
2020-09-17 3 8.0 1 5
2020-09-17 3 9.0 1 5
2020-09-17 3 10.0 1 5
2020-09-17 3 11.0 1 5
2020-09-17 3 8.5 1 5
2020-09-17 3 9.5 1 5
2020-09-17 3 10.5 1 5
2020-09-17 3 11.5 1 5
2020-09-18 4 1.0 0 5
2020-09-18 4 2.0 0 5
2020-09-18 4 1.5 0 5
2020-09-18 4 2.5 0 5
2020-09-18 4 3.0 0 5
2020-09-18 4 3.5 0 5
2020-09-18 4 4.0 0 5
2020-09-18 4 4.5 0 5
2020-09-18 4 5.0 0 5
2020-09-18 4 5.5 0 5
2020-09-18 4 6.0 0 5
2020-09-18 4 12.0 0 5
2020-09-18 4 12.5 0 5
2020-09-18 4 6.5 0 5
2020-09-18 4 7.0 0 5
2020-09-18 4 7.5 0 5
2020-09-18 4 8.0 0 5
2020-09-18 4 9.0 0 5
2020-09-18 4 10.0 0 0
2020-09-18 4 11.0 0 5
2020-09-18 4 8.5 0 5
2020-09-18 4 9.5 0 5
2020-09-18 4 10.5 0 0
2020-09-18 4 11.5 0 5
2020-09-18 4 1.0 1 2
2020-09-18 4 2.0 1 5
2020-09-18 4 1.5 1 2
2020-09-18 4 2.5 1 5
2020-09-18 4 3.0 1 5
2020-09-18 4 3.5 1 5
2020-09-18 4 4.0 1 3
2020-09-18 4 4.5 1 3
2020-09-18 4 5.0 1 3
2020-09-18 4 5.5 1 3
2020-09-18 4 6.0 1 4
2020-09-18 4 12.0 1 1
2020-09-18 4 12.5 1 1
2020-09-18 4 6.5 1 4
2020-09-18 4 7.0 1 5
2020-09-18 4 7.5 1 5
2020-09-18 4 8.0 1 5
2020-09-18 4 9.0 1 5
2020-09-18 4 10.0 1 5
2020-09-18 4 11.0 1 5
2020-09-18 4 8.5 1 5
2020-09-18 4 9.5 1 5
2020-09-18 4 10.5 1 5
2020-09-18 4 11.5 1 5
2020-09-19 5 1.0 0 5
2020-09-19 5 2.0 0 5
2020-09-19 5 1.5 0 5
2020-09-19 5 2.5 0 5
2020-09-19 5 3.0 0 5
2020-09-19 5 3.5 0 5
2020-09-19 5 4.0 0 5
2020-09-19 5 4.5 0 5
2020-09-19 5 5.0 0 5
2020-09-19 5 5.5 0 5
2020-09-19 5 6.0 0 5
2020-09-19 5 12.0 0 5
2020-09-19 5 12.5 0 5
2020-09-19 5 6.5 0 5
2020-09-19 5 7.0 0 5
2020-09-19 5 7.5 0 5
2020-09-19 5 8.0 0 5
2020-09-19 5 9.0 0 5
2020-09-19 5 10.0 0 0
2020-09-19 5 11.0 0 5
2020-09-19 5 8.5 0 5
2020-09-19 5 9.5 0 5
2020-09-19 5 10.5 0 0
2020-09-19 5 11.5 0 5
2020-09-19 5 1.0 1 2
2020-09-19 5 2.0 1 5
2020-09-19 5 1.5 1 2
2020-09-19 5 2.5 1 5
2020-09-19 5 3.0 1 5
2020-09-19 5 3.5 1 5
2020-09-19 5 4.0 1 3
2020-09-19 5 4.5 1 3
2020-09-19 5 5.0 1 3
2020-09-19 5 5.5 1 3
2020-09-19 5 6.0 1 4
2020-09-19 5 12.0 1 1
2020-09-19 5 12.5 1 1
2020-09-19 5 6.5 1 4
2020-09-19 5 7.0 1 5
2020-09-19 5 7.5 1 5
2020-09-19 5 8.0 1 5
2020-09-19 5 9.0 1 5
2020-09-19 5 10.0 1 5
2020-09-19 5 11.0 1 5
2020-09-19 5 8.5 1 5
2020-09-19 5 9.5 1 5
2020-09-19 5 10.5 1 5
2020-09-19 5 11.5 1 5
2020-09-20 6 1.0 0 5
2020-09-20 6 2.0 0 5
2020-09-20 6 1.5 0 5
2020-09-20 6 2.5 0 5
2020-09-20 6 3.0 0 5
2020-09-20 6 3.5 0 5
2020-09-20 6 4.0 0 5
2020-09-20 6 4.5 0 5
2020-09-20 6 5.0 0 5
2020-09-20 6 5.5 0 5
2020-09-20 6 6.0 0 5
2020-09-20 6 12.0 0 5
2020-09-20 6 12.5 0 5
2020-09-20 6 6.5 0 5
2020-09-20 6 7.0 0 5
2020-09-20 6 7.5 0 5
2020-09-20 6 8.0 0 5
2020-09-20 6 9.0 0 5
2020-09-20 6 10.0 0 0
2020-09-20 6 11.0 0 5
2020-09-20 6 8.5 0 5
2020-09-20 6 9.5 0 5
2020-09-20 6 10.5 0 0
2020-09-20 6 11.5 0 5
2020-09-20 6 1.0 1 2
2020-09-20 6 2.0 1 5
2020-09-20 6 1.5 1 2
2020-09-20 6 2.5 1 5
2020-09-20 6 3.0 1 5
2020-09-20 6 3.5 1 5
2020-09-20 6 4.0 1 3
2020-09-20 6 4.5 1 3
2020-09-20 6 5.0 1 3
2020-09-20 6 5.5 1 3
2020-09-20 6 6.0 1 4
2020-09-20 6 12.0 1 1
2020-09-20 6 12.5 1 1
2020-09-20 6 6.5 1 4
2020-09-20 6 7.0 1 5
2020-09-20 6 7.5 1 5
2020-09-20 6 8.0 1 5
2020-09-20 6 9.0 1 5
2020-09-20 6 10.0 1 5
2020-09-20 6 11.0 1 5
2020-09-20 6 8.5 1 5
2020-09-20 6 9.5 1 5
2020-09-20 6 10.5 1 5
2020-09-20 6 11.5 1 5
2020-09-21 0 1.0 0 5
2020-09-21 0 2.0 0 5
2020-09-21 0 1.5 0 5
2020-09-21 0 2.5 0 5
2020-09-21 0 3.0 0 5
2020-09-21 0 3.5 0 5
2020-09-21 0 4.0 0 5
2020-09-21 0 4.5 0 5
2020-09-21 0 5.0 0 5
2020-09-21 0 5.5 0 5
2020-09-21 0 6.0 0 5
2020-09-21 0 12.0 0 5
2020-09-21 0 12.5 0 5
2020-09-21 0 6.5 0 5
2020-09-21 0 7.0 0 5
2020-09-21 0 7.5 0 5
2020-09-21 0 8.0 0 5
2020-09-21 0 9.0 0 5
2020-09-21 0 10.0 0 5
2020-09-21 0 11.0 0 5
2020-09-21 0 8.5 0 5
2020-09-21 0 9.5 0 5
2020-09-21 0 10.5 0 5
2020-09-21 0 11.5 0 5
2020-09-21 0 1.0 1 2
2020-09-21 0 2.0 1 5
2020-09-21 0 1.5 1 2
2020-09-21 0 2.5 1 5
2020-09-21 0 3.0 1 5
2020-09-21 0 3.5 1 5
2020-09-21 0 4.0 1 5
2020-09-21 0 4.5 1 5
2020-09-21 0 5.0 1 5
2020-09-21 0 5.5 1 5
2020-09-21 0 6.0 1 4
2020-09-21 0 12.0 1 1
2020-09-21 0 12.5 1 1
2020-09-21 0 6.5 1 4
2020-09-21 0 7.0 1 5
2020-09-21 0 7.5 1 5
2020-09-21 0 8.0 1 5
2020-09-21 0 9.0 1 5
2020-09-21 0 10.0 1 5
2020-09-21 0 11.0 1 5
2020-09-21 0 8.5 1 5
2020-09-21 0 9.5 1 5
2020-09-21 0 10.5 1 5
2020-09-21 0 11.5 1 5
2020-09-22 1 1.0 0 5
2020-09-22 1 2.0 0 5
2020-09-22 1 1.5 0 5
2020-09-22 1 2.5 0 5
2020-09-22 1 3.0 0 5
2020-09-22 1 3.5 0 5
2020-09-22 1 4.0 0 5
2020-09-22 1 4.5 0 5
2020-09-22 1 5.0 0 5
2020-09-22 1 5.5 0 5
2020-09-22 1 6.0 0 5
2020-09-22 1 12.0 0 5
2020-09-22 1 12.5 0 5
2020-09-22 1 6.5 0 5
2020-09-22 1 7.0 0 5
2020-09-22 1 7.5 0 5
2020-09-22 1 8.0 0 5
2020-09-22 1 9.0 0 5
2020-09-22 1 10.0 0 5
2020-09-22 1 11.0 0 5
2020-09-22 1 8.5 0 5
2020-09-22 1 9.5 0 5
2020-09-22 1 10.5 0 5
2020-09-22 1 11.5 0 5
2020-09-22 1 1.0 1 2
2020-09-22 1 2.0 1 5
2020-09-22 1 1.5 1 2
2020-09-22 1 2.5 1 5
2020-09-22 1 3.0 1 5
2020-09-22 1 3.5 1 5
2020-09-22 1 4.0 1 5
2020-09-22 1 4.5 1 5
2020-09-22 1 5.0 1 5
2020-09-22 1 5.5 1 5
2020-09-22 1 6.0 1 4
2020-09-22 1 12.0 1 1
2020-09-22 1 12.5 1 1
2020-09-22 1 6.5 1 4
2020-09-22 1 7.0 1 5
2020-09-22 1 7.5 1 5
2020-09-22 1 8.0 1 5
2020-09-22 1 9.0 1 5
2020-09-22 1 10.0 1 5
2020-09-22 1 11.0 1 5
2020-09-22 1 8.5 1 5
2020-09-22 1 9.5 1 5
2020-09-22 1 10.5 1 5
2020-09-22 1 11.5 1 5
2020-09-23 2 1.0 0 5
2020-09-23 2 2.0 0 5
2020-09-23 2 1.5 0 5
2020-09-23 2 2.5 0 5
2020-09-23 2 3.0 0 5
2020-09-23 2 3.5 0 5
2020-09-23 2 4.0 0 5
2020-09-23 2 4.5 0 5
2020-09-23 2 5.0 0 5
2020-09-23 2 5.5 0 5
2020-09-23 2 6.0 0 5
2020-09-23 2 12.0 0 5
2020-09-23 2 12.5 0 5
2020-09-23 2 6.5 0 5
2020-09-23 2 7.0 0 5
2020-09-23 2 7.5 0 5
2020-09-23 2 8.0 0 5
2020-09-23 2 9.0 0 5
2020-09-23 2 10.0 0 0
2020-09-23 2 11.0 0 5
2020-09-23 2 8.5 0 5
2020-09-23 2 9.5 0 5
2020-09-23 2 10.5 0 0
2020-09-23 2 11.5 0 5
2020-09-23 2 1.0 1 2
2020-09-23 2 2.0 1 5
2020-09-23 2 1.5 1 2
2020-09-23 2 2.5 1 5
2020-09-23 2 3.0 1 5
2020-09-23 2 3.5 1 5
2020-09-23 2 4.0 1 3
2020-09-23 2 4.5 1 3
2020-09-23 2 5.0 1 3
2020-09-23 2 5.5 1 3
2020-09-23 2 6.0 1 4
2020-09-23 2 12.0 1 1
2020-09-23 2 12.5 1 1
2020-09-23 2 6.5 1 4
2020-09-23 2 7.0 1 5
2020-09-23 2 7.5 1 5
2020-09-23 2 8.0 1 5
2020-09-23 2 9.0 1 5
2020-09-23 2 10.0 1 5
2020-09-23 2 11.0 1 5
2020-09-23 2 8.5 1 5
2020-09-23 2 9.5 1 5
2020-09-23 2 10.5 1 5
2020-09-23 2 11.5 1 5
2020-09-24 3 1.0 0 5
2020-09-24 3 2.0 0 5
2020-09-24 3 1.5 0 5
2020-09-24 3 2.5 0 5
2020-09-24 3 3.0 0 5
2020-09-24 3 3.5 0 5
2020-09-24 3 4.0 0 5
2020-09-24 3 4.5 0 5
2020-09-24 3 5.0 0 5
2020-09-24 3 5.5 0 5
2020-09-24 3 6.0 0 5
2020-09-24 3 12.0 0 5
2020-09-24 3 12.5 0 5
2020-09-24 3 6.5 0 5
2020-09-24 3 7.0 0 5
2020-09-24 3 7.5 0 5
2020-09-24 3 8.0 0 5
2020-09-24 3 9.0 0 5
2020-09-24 3 10.0 0 0
2020-09-24 3 11.0 0 5
2020-09-24 3 8.5 0 5
2020-09-24 3 9.5 0 5
2020-09-24 3 10.5 0 0
2020-09-24 3 11.5 0 5
2020-09-24 3 1.0 1 2
2020-09-24 3 2.0 1 5
2020-09-24 3 1.5 1 2
2020-09-24 3 2.5 1 5
2020-09-24 3 3.0 1 5
2020-09-24 3 3.5 1 5
2020-09-24 3 4.0 1 3
2020-09-24 3 4.5 1 3
2020-09-24 3 5.0 1 3
2020-09-24 3 5.5 1 3
2020-09-24 3 6.0 1 4
2020-09-24 3 12.0 1 1
2020-09-24 3 12.5 1 1
2020-09-24 3 6.5 1 4
2020-09-24 3 7.0 1 5
2020-09-24 3 7.5 1 5
2020-09-24 3 8.0 1 5
2020-09-24 3 9.0 1 5
2020-09-24 3 10.0 1 5
2020-09-24 3 11.0 1 5
2020-09-24 3 8.5 1 5
2020-09-24 3 9.5 1 5
2020-09-24 3 10.5 1 5
2020-09-24 3 11.5 1 5
2020-09-25 4 1.0 0 5
2020-09-25 4 2.0 0 5
2020-09-25 4 1.5 0 5
2020-09-25 4 2.5 0 5
2020-09-25 4 3.0 0 5
2020-09-25 4 3.5 0 5
2020-09-25 4 4.0 0 5
2020-09-25 4 4.5 0 5
2020-09-25 4 5.0 0 5
2020-09-25 4 5.5 0 5
2020-09-25 4 6.0 0 5
2020-09-25 4 12.0 0 5
2020-09-25 4 12.5 0 5
2020-09-25 4 6.5 0 5
2020-09-25 4 7.0 0 5
2020-09-25 4 7.5 0 5
2020-09-25 4 8.0 0 5
2020-09-25 4 9.0 0 5
2020-09-25 4 10.0 0 0
2020-09-25 4 11.0 0 5
2020-09-25 4 8.5 0 5
2020-09-25 4 9.5 0 5
2020-09-25 4 10.5 0 0
2020-09-25 4 11.5 0 5
2020-09-25 4 1.0 1 2
2020-09-25 4 2.0 1 5
2020-09-25 4 1.5 1 2
2020-09-25 4 2.5 1 5
2020-09-25 4 3.0 1 5
2020-09-25 4 3.5 1 5
2020-09-25 4 4.0 1 3
2020-09-25 4 4.5 1 3
2020-09-25 4 5.0 1 3
2020-09-25 4 5.5 1 3
2020-09-25 4 6.0 1 4
2020-09-25 4 12.0 1 1
2020-09-25 4 12.5 1 1
2020-09-25 4 6.5 1 4
2020-09-25 4 7.0 1 5
2020-09-25 4 7.5 1 5
2020-09-25 4 8.0 1 5
2020-09-25 4 9.0 1 5
2020-09-25 4 10.0 1 5
2020-09-25 4 11.0 1 5
2020-09-25 4 8.5 1 5
2020-09-25 4 9.5 1 5
2020-09-25 4 10.5 1 5
2020-09-25 4 11.5 1 5
2020-09-26 5 1.0 0 5
2020-09-26 5 2.0 0 5
2020-09-26 5 1.5 0 5
2020-09-26 5 2.5 0 5
2020-09-26 5 3.0 0 5
2020-09-26 5 3.5 0 5
2020-09-26 5 4.0 0 5
2020-09-26 5 4.5 0 5
2020-09-26 5 5.0 0 5
2020-09-26 5 5.5 0 5
2020-09-26 5 6.0 0 5
2020-09-26 5 12.0 0 5
2020-09-26 5 12.5 0 5
2020-09-26 5 6.5 0 5
2020-09-26 5 7.0 0 5
2020-09-26 5 7.5 0 5
2020-09-26 5 8.0 0 5
2020-09-26 5 9.0 0 5
2020-09-26 5 10.0 0 0
2020-09-26 5 11.0 0 5
2020-09-26 5 8.5 0 5
2020-09-26 5 9.5 0 5
2020-09-26 5 10.5 0 0
2020-09-26 5 11.5 0 5
2020-09-26 5 1.0 1 2
2020-09-26 5 2.0 1 5
2020-09-26 5 1.5 1 2
2020-09-26 5 2.5 1 5
2020-09-26 5 3.0 1 5
2020-09-26 5 3.5 1 5
2020-09-26 5 4.0 1 3
2020-09-26 5 4.5 1 3
2020-09-26 5 5.0 1 3
2020-09-26 5 5.5 1 3
2020-09-26 5 6.0 1 4
2020-09-26 5 12.0 1 1
2020-09-26 5 12.5 1 1
2020-09-26 5 6.5 1 4
2020-09-26 5 7.0 1 5
2020-09-26 5 7.5 1 5
2020-09-26 5 8.0 1 5
2020-09-26 5 9.0 1 5
2020-09-26 5 10.0 1 5
2020-09-26 5 11.0 1 5
2020-09-26 5 8.5 1 5
2020-09-26 5 9.5 1 5
2020-09-26 5 10.5 1 5
2020-09-26 5 11.5 1 5
2020-09-27 6 1.0 0 5
2020-09-27 6 2.0 0 5
2020-09-27 6 1.5 0 5
2020-09-27 6 2.5 0 5
2020-09-27 6 3.0 0 5
2020-09-27 6 3.5 0 5
2020-09-27 6 4.0 0 5
2020-09-27 6 4.5 0 5
2020-09-27 6 5.0 0 5
2020-09-27 6 5.5 0 5
2020-09-27 6 6.0 0 5
2020-09-27 6 12.0 0 5
2020-09-27 6 12.5 0 5
2020-09-27 6 6.5 0 5
2020-09-27 6 7.0 0 5
2020-09-27 6 7.5 0 5
2020-09-27 6 8.0 0 5
2020-09-27 6 9.0 0 5
2020-09-27 6 10.0 0 0
2020-09-27 6 11.0 0 5
2020-09-27 6 8.5 0 5
2020-09-27 6 9.5 0 5
2020-09-27 6 10.5 0 0
2020-09-27 6 11.5 0 5
2020-09-27 6 1.0 1 2
2020-09-27 6 2.0 1 5
2020-09-27 6 1.5 1 2
2020-09-27 6 2.5 1 5
2020-09-27 6 3.0 1 5
2020-09-27 6 3.5 1 5
2020-09-27 6 4.0 1 3
2020-09-27 6 4.5 1 3
2020-09-27 6 5.0 1 3
2020-09-27 6 5.5 1 3
2020-09-27 6 6.0 1 4
2020-09-27 6 12.0 1 1
2020-09-27 6 12.5 1 1
2020-09-27 6 6.5 1 4
2020-09-27 6 7.0 1 5
2020-09-27 6 7.5 1 5
2020-09-27 6 8.0 1 5
2020-09-27 6 9.0 1 5
2020-09-27 6 10.0 1 5
2020-09-27 6 11.0 1 5
2020-09-27 6 8.5 1 5
2020-09-27 6 9.5 1 5
2020-09-27 6 10.5 1 5
2020-09-27 6 11.5 1 5
2020-09-28 0 1.0 0 5
2020-09-28 0 2.0 0 5
2020-09-28 0 1.5 0 5
2020-09-28 0 2.5 0 5
2020-09-28 0 3.0 0 5
2020-09-28 0 3.5 0 5
2020-09-28 0 4.0 0 5
2020-09-28 0 4.5 0 5
2020-09-28 0 5.0 0 5
2020-09-28 0 5.5 0 5
2020-09-28 0 6.0 0 5
2020-09-28 0 12.0 0 5
2020-09-28 0 12.5 0 5
2020-09-28 0 6.5 0 5
2020-09-28 0 7.0 0 5
2020-09-28 0 7.5 0 5
2020-09-28 0 8.0 0 5
2020-09-28 0 9.0 0 5
2020-09-28 0 10.0 0 5
2020-09-28 0 11.0 0 5
2020-09-28 0 8.5 0 5
2020-09-28 0 9.5 0 5
2020-09-28 0 10.5 0 5
2020-09-28 0 11.5 0 5
2020-09-28 0 1.0 1 2
2020-09-28 0 2.0 1 5
2020-09-28 0 1.5 1 2
2020-09-28 0 2.5 1 5
2020-09-28 0 3.0 1 5
2020-09-28 0 3.5 1 5
2020-09-28 0 4.0 1 5
2020-09-28 0 4.5 1 5
2020-09-28 0 5.0 1 5
2020-09-28 0 5.5 1 5
2020-09-28 0 6.0 1 4
2020-09-28 0 12.0 1 1
2020-09-28 0 12.5 1 1
2020-09-28 0 6.5 1 4
2020-09-28 0 7.0 1 5
2020-09-28 0 7.5 1 5
2020-09-28 0 8.0 1 5
2020-09-28 0 9.0 1 5
2020-09-28 0 10.0 1 5
2020-09-28 0 11.0 1 5
2020-09-28 0 8.5 1 5
2020-09-28 0 9.5 1 5
2020-09-28 0 10.5 1 5
2020-09-28 0 11.5 1 5
2020-09-29 1 1.0 0 5
2020-09-29 1 2.0 0 5
2020-09-29 1 1.5 0 5
2020-09-29 1 2.5 0 5
2020-09-29 1 3.0 0 5
2020-09-29 1 3.5 0 5
2020-09-29 1 4.0 0 5
2020-09-29 1 4.5 0 5
2020-09-29 1 5.0 0 5
2020-09-29 1 5.5 0 5
2020-09-29 1 6.0 0 5
2020-09-29 1 12.0 0 5
2020-09-29 1 12.5 0 5
2020-09-29 1 6.5 0 5
2020-09-29 1 7.0 0 5
2020-09-29 1 7.5 0 5
2020-09-29 1 8.0 0 5
2020-09-29 1 9.0 0 5
2020-09-29 1 10.0 0 5
2020-09-29 1 11.0 0 5
2020-09-29 1 8.5 0 5
2020-09-29 1 9.5 0 5
2020-09-29 1 10.5 0 5
2020-09-29 1 11.5 0 5
2020-09-29 1 1.0 1 2
2020-09-29 1 2.0 1 5
2020-09-29 1 1.5 1 2
2020-09-29 1 2.5 1 5
2020-09-29 1 3.0 1 5
2020-09-29 1 3.5 1 5
2020-09-29 1 4.0 1 5
2020-09-29 1 4.5 1 5
2020-09-29 1 5.0 1 5
2020-09-29 1 5.5 1 5
2020-09-29 1 6.0 1 4
2020-09-29 1 12.0 1 1
2020-09-29 1 12.5 1 1
2020-09-29 1 6.5 1 4
2020-09-29 1 7.0 1 5
2020-09-29 1 7.5 1 5
2020-09-29 1 8.0 1 5
2020-09-29 1 9.0 1 5
2020-09-29 1 10.0 1 5
2020-09-29 1 11.0 1 5
2020-09-29 1 8.5 1 5
2020-09-29 1 9.5 1 5
2020-09-29 1 10.5 1 5
2020-09-29 1 11.5 1 5
2020-09-30 2 1.0 0 5
2020-09-30 2 2.0 0 5
2020-09-30 2 1.5 0 5
2020-09-30 2 2.5 0 5
2020-09-30 2 3.0 0 5
2020-09-30 2 3.5 0 5
2020-09-30 2 4.0 0 5
2020-09-30 2 4.5 0 5
2020-09-30 2 5.0 0 5
2020-09-30 2 5.5 0 5
2020-09-30 2 6.0 0 5
2020-09-30 2 12.0 0 5
2020-09-30 2 12.5 0 5
2020-09-30 2 6.5 0 5
2020-09-30 2 7.0 0 5
2020-09-30 2 7.5 0 5
2020-09-30 2 8.0 0 5
2020-09-30 2 9.0 0 5
2020-09-30 2 10.0 0 0
2020-09-30 2 11.0 0 5
2020-09-30 2 8.5 0 5
2020-09-30 2 9.5 0 5
2020-09-30 2 10.5 0 0
2020-09-30 2 11.5 0 5
2020-09-30 2 1.0 1 2
2020-09-30 2 2.0 1 5
2020-09-30 2 1.5 1 2
2020-09-30 2 2.5 1 5
2020-09-30 2 3.0 1 5
2020-09-30 2 3.5 1 5
2020-09-30 2 4.0 1 3
2020-09-30 2 4.5 1 3
2020-09-30 2 5.0 1 3
2020-09-30 2 5.5 1 3
2020-09-30 2 6.0 1 4
2020-09-30 2 12.0 1 1
2020-09-30 2 12.5 1 1
2020-09-30 2 6.5 1 4
2020-09-30 2 7.0 1 5
2020-09-30 2 7.5 1 5
2020-09-30 2 8.0 1 5
2020-09-30 2 9.0 1 5
2020-09-30 2 10.0 1 5
2020-09-30 2 11.0 1 5
2020-09-30 2 8.5 1 5
2020-09-30 2 9.5 1 5
2020-09-30 2 10.5 1 5
2020-09-30 2 11.5 1 5
2020-10-01 3 1.0 0 5
2020-10-01 3 2.0 0 5
2020-10-01 3 1.5 0 5
2020-10-01 3 2.5 0 5
2020-10-01 3 3.0 0 5
2020-10-01 3 3.5 0 5
2020-10-01 3 4.0 0 5
2020-10-01 3 4.5 0 5
2020-10-01 3 5.0 0 5
2020-10-01 3 5.5 0 5
2020-10-01 3 6.0 0 5
2020-10-01 3 12.0 0 5
2020-10-01 3 12.5 0 5
2020-10-01 3 6.5 0 5
2020-10-01 3 7.0 0 5
2020-10-01 3 7.5 0 5
2020-10-01 3 8.0 0 5
2020-10-01 3 9.0 0 5
2020-10-01 3 10.0 0 0
2020-10-01 3 11.0 0 5
2020-10-01 3 8.5 0 5
2020-10-01 3 9.5 0 5
2020-10-01 3 10.5 0 0
2020-10-01 3 11.5 0 5
2020-10-01 3 1.0 1 2
2020-10-01 3 2.0 1 5
2020-10-01 3 1.5 1 2
2020-10-01 3 2.5 1 5
2020-10-01 3 3.0 1 5
2020-10-01 3 3.5 1 5
2020-10-01 3 4.0 1 3
2020-10-01 3 4.5 1 3
2020-10-01 3 5.0 1 3
2020-10-01 3 5.5 1 3
2020-10-01 3 6.0 1 4
2020-10-01 3 12.0 1 1
2020-10-01 3 12.5 1 1
2020-10-01 3 6.5 1 4
2020-10-01 3 7.0 1 5
2020-10-01 3 7.5 1 5
2020-10-01 3 8.0 1 5
2020-10-01 3 9.0 1 5
2020-10-01 3 10.0 1 5
2020-10-01 3 11.0 1 5
2020-10-01 3 8.5 1 5
2020-10-01 3 9.5 1 5
2020-10-01 3 10.5 1 5
2020-10-01 3 11.5 1 5
2020-10-02 4 1.0 0 5
2020-10-02 4 2.0 0 5
2020-10-02 4 1.5 0 5
2020-10-02 4 2.5 0 5
2020-10-02 4 3.0 0 5
2020-10-02 4 3.5 0 5
2020-10-02 4 4.0 0 5
2020-10-02 4 4.5 0 5
2020-10-02 4 5.0 0 5
2020-10-02 4 5.5 0 5
2020-10-02 4 6.0 0 5
2020-10-02 4 12.0 0 5
2020-10-02 4 12.5 0 5
2020-10-02 4 6.5 0 5
2020-10-02 4 7.0 0 5
2020-10-02 4 7.5 0 5
2020-10-02 4 8.0 0 5
2020-10-02 4 9.0 0 5
2020-10-02 4 10.0 0 0
2020-10-02 4 11.0 0 5
2020-10-02 4 8.5 0 5
2020-10-02 4 9.5 0 5
2020-10-02 4 10.5 0 0
2020-10-02 4 11.5 0 5
2020-10-02 4 1.0 1 2
2020-10-02 4 2.0 1 5
2020-10-02 4 1.5 1 2
2020-10-02 4 2.5 1 5
2020-10-02 4 3.0 1 5
2020-10-02 4 3.5 1 5
2020-10-02 4 4.0 1 3
2020-10-02 4 4.5 1 3
2020-10-02 4 5.0 1 3
2020-10-02 4 5.5 1 3
2020-10-02 4 6.0 1 4
2020-10-02 4 12.0 1 1
2020-10-02 4 12.5 1 1
2020-10-02 4 6.5 1 4
2020-10-02 4 7.0 1 5
2020-10-02 4 7.5 1 5
2020-10-02 4 8.0 1 5
2020-10-02 4 9.0 1 5
2020-10-02 4 10.0 1 5
2020-10-02 4 11.0 1 5
2020-10-02 4 8.5 1 5
2020-10-02 4 9.5 1 5
2020-10-02 4 10.5 1 5
2020-10-02 4 11.5 1 5
2020-10-03 5 1.0 0 5
2020-10-03 5 2.0 0 5
2020-10-03 5 1.5 0 5
2020-10-03 5 2.5 0 5
2020-10-03 5 3.0 0 5
2020-10-03 5 3.5 0 5
2020-10-03 5 4.0 0 5
2020-10-03 5 4.5 0 5
2020-10-03 5 5.0 0 5
2020-10-03 5 5.5 0 5
2020-10-03 5 6.0 0 5
2020-10-03 5 12.0 0 5
2020-10-03 5 12.5 0 5
2020-10-03 5 6.5 0 5
2020-10-03 5 7.0 0 5
2020-10-03 5 7.5 0 5
2020-10-03 5 8.0 0 5
2020-10-03 5 9.0 0 5
2020-10-03 5 10.0 0 0
2020-10-03 5 11.0 0 5
2020-10-03 5 8.5 0 5
2020-10-03 5 9.5 0 5
2020-10-03 5 10.5 0 0
2020-10-03 5 11.5 0 5
2020-10-03 5 1.0 1 2
2020-10-03 5 2.0 1 5
2020-10-03 5 1.5 1 2
2020-10-03 5 2.5 1 5
2020-10-03 5 3.0 1 5
2020-10-03 5 3.5 1 5
2020-10-03 5 4.0 1 3
2020-10-03 5 4.5 1 3
2020-10-03 5 5.0 1 3
2020-10-03 5 5.5 1 3
2020-10-03 5 6.0 1 4
2020-10-03 5 12.0 1 1
2020-10-03 5 12.5 1 1
2020-10-03 5 6.5 1 4
2020-10-03 5 7.0 1 5
2020-10-03 5 7.5 1 5
2020-10-03 5 8.0 1 5
2020-10-03 5 9.0 1 5
2020-10-03 5 10.0 1 5
2020-10-03 5 11.0 1 5
2020-10-03 5 8.5 1 5
2020-10-03 5 9.5 1 5
2020-10-03 5 10.5 1 5
2020-10-03 5 11.5 1 5
2020-10-04 6 1.0 0 5
2020-10-04 6 2.0 0 5
2020-10-04 6 1.5 0 5
2020-10-04 6 2.5 0 5
2020-10-04 6 3.0 0 5
2020-10-04 6 3.5 0 5
2020-10-04 6 4.0 0 5
2020-10-04 6 4.5 0 5
2020-10-04 6 5.0 0 5
2020-10-04 6 5.5 0 5
2020-10-04 6 6.0 0 5
2020-10-04 6 12.0 0 5
2020-10-04 6 12.5 0 5
2020-10-04 6 6.5 0 5
2020-10-04 6 7.0 0 5
2020-10-04 6 7.5 0 5
2020-10-04 6 8.0 0 5
2020-10-04 6 9.0 0 5
2020-10-04 6 10.0 0 0
2020-10-04 6 11.0 0 5
2020-10-04 6 8.5 0 5
2020-10-04 6 9.5 0 5
2020-10-04 6 10.5 0 0
2020-10-04 6 11.5 0 5
2020-10-04 6 1.0 1 2
2020-10-04 6 2.0 1 5
2020-10-04 6 1.5 1 2
2020-10-04 6 2.5 1 5
2020-10-04 6 3.0 1 5
2020-10-04 6 3.5 1 5
2020-10-04 6 4.0 1 3
2020-10-04 6 4.5 1 3
2020-10-04 6 5.0 1 3
2020-10-04 6 5.5 1 3
2020-10-04 6 6.0 1 4
2020-10-04 6 12.0 1 1
2020-10-04 6 12.5 1 1
2020-10-04 6 6.5 1 4
2020-10-04 6 7.0 1 5
2020-10-04 6 7.5 1 5
2020-10-04 6 8.0 1 5
2020-10-04 6 9.0 1 5
2020-10-04 6 10.0 1 5
2020-10-04 6 11.0 1 5
2020-10-04 6 8.5 1 5
2020-10-04 6 9.5 1 5
2020-10-04 6 10.5 1 5
2020-10-04 6 11.5 1 5
2020-10-05 0 1.0 0 5
2020-10-05 0 2.0 0 5
2020-10-05 0 1.5 0 5
2020-10-05 0 2.5 0 5
2020-10-05 0 3.0 0 5
2020-10-05 0 3.5 0 5
2020-10-05 0 4.0 0 5
2020-10-05 0 4.5 0 5
2020-10-05 0 5.0 0 5
2020-10-05 0 5.5 0 5
2020-10-05 0 6.0 0 5
2020-10-05 0 12.0 0 5
2020-10-05 0 12.5 0 5
2020-10-05 0 6.5 0 5
2020-10-05 0 7.0 0 5
2020-10-05 0 7.5 0 5
2020-10-05 0 8.0 0 5
2020-10-05 0 9.0 0 5
2020-10-05 0 10.0 0 5
2020-10-05 0 11.0 0 5
2020-10-05 0 8.5 0 5
2020-10-05 0 9.5 0 5
2020-10-05 0 10.5 0 5
2020-10-05 0 11.5 0 5
2020-10-05 0 1.0 1 2
2020-10-05 0 2.0 1 5
2020-10-05 0 1.5 1 2
2020-10-05 0 2.5 1 5
2020-10-05 0 3.0 1 5
2020-10-05 0 3.5 1 5
2020-10-05 0 4.0 1 5
2020-10-05 0 4.5 1 5
2020-10-05 0 5.0 1 5
2020-10-05 0 5.5 1 5
2020-10-05 0 6.0 1 4
2020-10-05 0 12.0 1 1
2020-10-05 0 12.5 1 1
2020-10-05 0 6.5 1 4
2020-10-05 0 7.0 1 5
2020-10-05 0 7.5 1 5
2020-10-05 0 8.0 1 5
2020-10-05 0 9.0 1 5
2020-10-05 0 10.0 1 5
2020-10-05 0 11.0 1 5
2020-10-05 0 8.5 1 5
2020-10-05 0 9.5 1 5
2020-10-05 0 10.5 1 5
2020-10-05 0 11.5 1 5
2020-10-06 1 1.0 0 5
2020-10-06 1 2.0 0 5
2020-10-06 1 1.5 0 5
2020-10-06 1 2.5 0 5
2020-10-06 1 3.0 0 5
2020-10-06 1 3.5 0 5
2020-10-06 1 4.0 0 5
2020-10-06 1 4.5 0 5
2020-10-06 1 5.0 0 5
2020-10-06 1 5.5 0 5
2020-10-06 1 6.0 0 5
2020-10-06 1 12.0 0 5
2020-10-06 1 12.5 0 5
2020-10-06 1 6.5 0 5
2020-10-06 1 7.0 0 5
2020-10-06 1 7.5 0 5
2020-10-06 1 8.0 0 5
2020-10-06 1 9.0 0 5
2020-10-06 1 10.0 0 5
2020-10-06 1 11.0 0 5
2020-10-06 1 8.5 0 5
2020-10-06 1 9.5 0 5
2020-10-06 1 10.5 0 5
2020-10-06 1 11.5 0 5
2020-10-06 1 1.0 1 2
2020-10-06 1 2.0 1 5
2020-10-06 1 1.5 1 2
2020-10-06 1 2.5 1 5
2020-10-06 1 3.0 1 5
2020-10-06 1 3.5 1 5
2020-10-06 1 4.0 1 5
2020-10-06 1 4.5 1 5
2020-10-06 1 5.0 1 5
2020-10-06 1 5.5 1 5
2020-10-06 1 6.0 1 4
2020-10-06 1 12.0 1 1
2020-10-06 1 12.5 1 1
2020-10-06 1 6.5 1 4
2020-10-06 1 7.0 1 5
2020-10-06 1 7.5 1 5
2020-10-06 1 8.0 1 5
2020-10-06 1 9.0 1 5
2020-10-06 1 10.0 1 5
2020-10-06 1 11.0 1 5
2020-10-06 1 8.5 1 5
2020-10-06 1 9.5 1 5
2020-10-06 1 10.5 1 5
2020-10-06 1 11.5 1 5
2020-10-07 2 1.0 0 5
2020-10-07 2 2.0 0 5
2020-10-07 2 1.5 0 5
2020-10-07 2 2.5 0 5
2020-10-07 2 3.0 0 5
2020-10-07 2 3.5 0 5
2020-10-07 2 4.0 0 5
2020-10-07 2 4.5 0 5
2020-10-07 2 5.0 0 5
2020-10-07 2 5.5 0 5
2020-10-07 2 6.0 0 5
2020-10-07 2 12.0 0 5
2020-10-07 2 12.5 0 5
2020-10-07 2 6.5 0 5
2020-10-07 2 7.0 0 5
2020-10-07 2 7.5 0 5
2020-10-07 2 8.0 0 5
2020-10-07 2 9.0 0 5
2020-10-07 2 10.0 0 0
2020-10-07 2 11.0 0 5
2020-10-07 2 8.5 0 5
2020-10-07 2 9.5 0 5
2020-10-07 2 10.5 0 0
2020-10-07 2 11.5 0 5
2020-10-07 2 1.0 1 2
2020-10-07 2 2.0 1 5
2020-10-07 2 1.5 1 2
2020-10-07 2 2.5 1 5
2020-10-07 2 3.0 1 5
2020-10-07 2 3.5 1 5
2020-10-07 2 4.0 1 3
2020-10-07 2 4.5 1 3
2020-10-07 2 5.0 1 3
2020-10-07 2 5.5 1 3
2020-10-07 2 6.0 1 4
2020-10-07 2 12.0 1 1
2020-10-07 2 12.5 1 1
2020-10-07 2 6.5 1 4
2020-10-07 2 7.0 1 5
2020-10-07 2 7.5 1 5
2020-10-07 2 8.0 1 5
2020-10-07 2 9.0 1 5
2020-10-07 2 10.0 1 5
2020-10-07 2 11.0 1 5
2020-10-07 2 8.5 1 5
2020-10-07 2 9.5 1 5
2020-10-07 2 10.5 1 5
2020-10-07 2 11.5 1 5
2020-10-08 3 1.0 0 5
2020-10-08 3 2.0 0 5
2020-10-08 3 1.5 0 5
2020-10-08 3 2.5 0 5
2020-10-08 3 3.0 0 5
2020-10-08 3 3.5 0 5
2020-10-08 3 4.0 0 5
2020-10-08 3 4.5 0 5
2020-10-08 3 5.0 0 5
2020-10-08 3 5.5 0 5
2020-10-08 3 6.0 0 5
2020-10-08 3 12.0 0 5
2020-10-08 3 12.5 0 5
2020-10-08 3 6.5 0 5
2020-10-08 3 7.0 0 5
2020-10-08 3 7.5 0 5
2020-10-08 3 8.0 0 5
2020-10-08 3 9.0 0 5
2020-10-08 3 10.0 0 0
2020-10-08 3 11.0 0 5
2020-10-08 3 8.5 0 5
2020-10-08 3 9.5 0 5
2020-10-08 3 10.5 0 0
2020-10-08 3 11.5 0 5
2020-10-08 3 1.0 1 2
2020-10-08 3 2.0 1 5
2020-10-08 3 1.5 1 2
2020-10-08 3 2.5 1 5
2020-10-08 3 3.0 1 5
2020-10-08 3 3.5 1 5
2020-10-08 3 4.0 1 3
2020-10-08 3 4.5 1 3
2020-10-08 3 5.0 1 3
2020-10-08 3 5.5 1 3
2020-10-08 3 6.0 1 4
2020-10-08 3 12.0 1 1
2020-10-08 3 12.5 1 1
2020-10-08 3 6.5 1 4
2020-10-08 3 7.0 1 5
2020-10-08 3 7.5 1 5
2020-10-08 3 8.0 1 5
2020-10-08 3 9.0 1 5
2020-10-08 3 10.0 1 5
2020-10-08 3 11.0 1 5
2020-10-08 3 8.5 1 5
2020-10-08 3 9.5 1 5
2020-10-08 3 10.5 1 5
2020-10-08 3 11.5 1 5
2020-10-09 4 1.0 0 5
2020-10-09 4 2.0 0 5
2020-10-09 4 1.5 0 5
2020-10-09 4 2.5 0 5
2020-10-09 4 3.0 0 5
2020-10-09 4 3.5 0 5
2020-10-09 4 4.0 0 5
2020-10-09 4 4.5 0 5
2020-10-09 4 5.0 0 5
2020-10-09 4 5.5 0 5
2020-10-09 4 6.0 0 5
2020-10-09 4 12.0 0 5
2020-10-09 4 12.5 0 5
2020-10-09 4 6.5 0 5
2020-10-09 4 7.0 0 5
2020-10-09 4 7.5 0 5
2020-10-09 4 8.0 0 5
2020-10-09 4 9.0 0 5
2020-10-09 4 10.0 0 0
2020-10-09 4 11.0 0 5
2020-10-09 4 8.5 0 5
2020-10-09 4 9.5 0 5
2020-10-09 4 10.5 0 0
2020-10-09 4 11.5 0 5
2020-10-09 4 1.0 1 2
2020-10-09 4 2.0 1 5
2020-10-09 4 1.5 1 2
2020-10-09 4 2.5 1 5
2020-10-09 4 3.0 1 5
2020-10-09 4 3.5 1 5
2020-10-09 4 4.0 1 3
2020-10-09 4 4.5 1 3
2020-10-09 4 5.0 1 3
2020-10-09 4 5.5 1 3
2020-10-09 4 6.0 1 4
2020-10-09 4 12.0 1 1
2020-10-09 4 12.5 1 1
2020-10-09 4 6.5 1 4
2020-10-09 4 7.0 1 5
2020-10-09 4 7.5 1 5
2020-10-09 4 8.0 1 5
2020-10-09 4 9.0 1 5
2020-10-09 4 10.0 1 5
2020-10-09 4 11.0 1 5
2020-10-09 4 8.5 1 5
2020-10-09 4 9.5 1 5
2020-10-09 4 10.5 1 5
2020-10-09 4 11.5 1 5
2020-10-10 5 1.0 0 5
2020-10-10 5 2.0 0 5
2020-10-10 5 1.5 0 5
2020-10-10 5 2.5 0 5
2020-10-10 5 3.0 0 5
2020-10-10 5 3.5 0 5
2020-10-10 5 4.0 0 5
2020-10-10 5 4.5 0 5
2020-10-10 5 5.0 0 5
2020-10-10 5 5.5 0 5
2020-10-10 5 6.0 0 5
2020-10-10 5 12.0 0 5
2020-10-10 5 12.5 0 5
2020-10-10 5 6.5 0 5
2020-10-10 5 7.0 0 5
2020-10-10 5 7.5 0 5
2020-10-10 5 8.0 0 5
2020-10-10 5 9.0 0 5
2020-10-10 5 10.0 0 0
2020-10-10 5 11.0 0 5
2020-10-10 5 8.5 0 5
2020-10-10 5 9.5 0 5
2020-10-10 5 10.5 0 0
2020-10-10 5 11.5 0 5
2020-10-10 5 1.0 1 2
2020-10-10 5 2.0 1 5
2020-10-10 5 1.5 1 2
2020-10-10 5 2.5 1 5
2020-10-10 5 3.0 1 5
2020-10-10 5 3.5 1 5
2020-10-10 5 4.0 1 3
2020-10-10 5 4.5 1 3
2020-10-10 5 5.0 1 3
2020-10-10 5 5.5 1 3
2020-10-10 5 6.0 1 4
2020-10-10 5 12.0 1 1
2020-10-10 5 12.5 1 1
2020-10-10 5 6.5 1 4
2020-10-10 5 7.0 1 5
2020-10-10 5 7.5 1 5
2020-10-10 5 8.0 1 5
2020-10-10 5 9.0 1 5
2020-10-10 5 10.0 1 5
2020-10-10 5 11.0 1 5
2020-10-10 5 8.5 1 5
2020-10-10 5 9.5 1 5
2020-10-10 5 10.5 1 5
2020-10-10 5 11.5 1 5
2020-10-11 6 1.0 0 5
2020-10-11 6 2.0 0 5
2020-10-11 6 1.5 0 5
2020-10-11 6 2.5 0 5
2020-10-11 6 3.0 0 5
2020-10-11 6 3.5 0 5
2020-10-11 6 4.0 0 5
2020-10-11 6 4.5 0 5
2020-10-11 6 5.0 0 5
2020-10-11 6 5.5 0 5
2020-10-11 6 6.0 0 5
2020-10-11 6 12.0 0 5
2020-10-11 6 12.5 0 5
2020-10-11 6 6.5 0 5
2020-10-11 6 7.0 0 5
2020-10-11 6 7.5 0 5
2020-10-11 6 8.0 0 5
2020-10-11 6 9.0 0 5
2020-10-11 6 10.0 0 0
2020-10-11 6 11.0 0 5
2020-10-11 6 8.5 0 5
2020-10-11 6 9.5 0 5
2020-10-11 6 10.5 0 0
2020-10-11 6 11.5 0 5
2020-10-11 6 1.0 1 2
2020-10-11 6 2.0 1 5
2020-10-11 6 1.5 1 2
2020-10-11 6 2.5 1 5
2020-10-11 6 3.0 1 5
2020-10-11 6 3.5 1 5
2020-10-11 6 4.0 1 3
2020-10-11 6 4.5 1 3
2020-10-11 6 5.0 1 3
2020-10-11 6 5.5 1 3
2020-10-11 6 6.0 1 4
2020-10-11 6 12.0 1 1
2020-10-11 6 12.5 1 1
2020-10-11 6 6.5 1 4
2020-10-11 6 7.0 1 5
2020-10-11 6 7.5 1 5
2020-10-11 6 8.0 1 5
2020-10-11 6 9.0 1 5
2020-10-11 6 10.0 1 5
2020-10-11 6 11.0 1 5
2020-10-11 6 8.5 1 5
2020-10-11 6 9.5 1 5
2020-10-11 6 10.5 1 5
2020-10-11 6 11.5 1 5
2020-10-12 0 1.0 0 5
2020-10-12 0 2.0 0 5
2020-10-12 0 1.5 0 5
2020-10-12 0 2.5 0 5
2020-10-12 0 3.0 0 5
2020-10-12 0 3.5 0 5
2020-10-12 0 4.0 0 5
2020-10-12 0 4.5 0 5
2020-10-12 0 5.0 0 5
2020-10-12 0 5.5 0 5
2020-10-12 0 6.0 0 5
2020-10-12 0 12.0 0 5
2020-10-12 0 12.5 0 5
2020-10-12 0 6.5 0 5
2020-10-12 0 7.0 0 5
2020-10-12 0 7.5 0 5
2020-10-12 0 8.0 0 5
2020-10-12 0 9.0 0 5
2020-10-12 0 10.0 0 5
2020-10-12 0 11.0 0 5
2020-10-12 0 8.5 0 5
2020-10-12 0 9.5 0 5
2020-10-12 0 10.5 0 5
2020-10-12 0 11.5 0 5
2020-10-12 0 1.0 1 2
2020-10-12 0 2.0 1 5
2020-10-12 0 1.5 1 2
2020-10-12 0 2.5 1 5
2020-10-12 0 3.0 1 5
2020-10-12 0 3.5 1 5
2020-10-12 0 4.0 1 5
2020-10-12 0 4.5 1 5
2020-10-12 0 5.0 1 5
2020-10-12 0 5.5 1 5
2020-10-12 0 6.0 1 4
2020-10-12 0 12.0 1 1
2020-10-12 0 12.5 1 1
2020-10-12 0 6.5 1 4
2020-10-12 0 7.0 1 5
2020-10-12 0 7.5 1 5
2020-10-12 0 8.0 1 5
2020-10-12 0 9.0 1 5
2020-10-12 0 10.0 1 5
2020-10-12 0 11.0 1 5
2020-10-12 0 8.5 1 5
2020-10-12 0 9.5 1 5
2020-10-12 0 10.5 1 5
2020-10-12 0 11.5 1 5
2020-10-13 1 1.0 0 5
2020-10-13 1 2.0 0 5
2020-10-13 1 1.5 0 5
2020-10-13 1 2.5 0 5
2020-10-13 1 3.0 0 5
2020-10-13 1 3.5 0 5
2020-10-13 1 4.0 0 5
2020-10-13 1 4.5 0 5
2020-10-13 1 5.0 0 5
2020-10-13 1 5.5 0 5
2020-10-13 1 6.0 0 5
2020-10-13 1 12.0 0 5
2020-10-13 1 12.5 0 5
2020-10-13 1 6.5 0 5
2020-10-13 1 7.0 0 5
2020-10-13 1 7.5 0 5
2020-10-13 1 8.0 0 5
2020-10-13 1 9.0 0 5
2020-10-13 1 10.0 0 5
2020-10-13 1 11.0 0 5
2020-10-13 1 8.5 0 5
2020-10-13 1 9.5 0 5
2020-10-13 1 10.5 0 5
2020-10-13 1 11.5 0 5
2020-10-13 1 1.0 1 2
2020-10-13 1 2.0 1 5
2020-10-13 1 1.5 1 2
2020-10-13 1 2.5 1 5
2020-10-13 1 3.0 1 5
2020-10-13 1 3.5 1 5
2020-10-13 1 4.0 1 5
2020-10-13 1 4.5 1 5
2020-10-13 1 5.0 1 5
2020-10-13 1 5.5 1 5
2020-10-13 1 6.0 1 4
2020-10-13 1 12.0 1 1
2020-10-13 1 12.5 1 1
2020-10-13 1 6.5 1 4
2020-10-13 1 7.0 1 5
2020-10-13 1 7.5 1 5
2020-10-13 1 8.0 1 5
2020-10-13 1 9.0 1 5
2020-10-13 1 10.0 1 5
2020-10-13 1 11.0 1 5
2020-10-13 1 8.5 1 5
2020-10-13 1 9.5 1 5
2020-10-13 1 10.5 1 5
2020-10-13 1 11.5 1 5
2020-10-14 2 1.0 0 5
2020-10-14 2 2.0 0 5
2020-10-14 2 1.5 0 5
2020-10-14 2 2.5 0 5
2020-10-14 2 3.0 0 5
2020-10-14 2 3.5 0 5
2020-10-14 2 4.0 0 5
2020-10-14 2 4.5 0 5
2020-10-14 2 5.0 0 5
2020-10-14 2 5.5 0 5
2020-10-14 2 6.0 0 5
2020-10-14 2 12.0 0 5
2020-10-14 2 12.5 0 5
2020-10-14 2 6.5 0 5
2020-10-14 2 7.0 0 5
2020-10-14 2 7.5 0 5
2020-10-14 2 8.0 0 5
2020-10-14 2 9.0 0 5
2020-10-14 2 10.0 0 0
2020-10-14 2 11.0 0 5
2020-10-14 2 8.5 0 5
2020-10-14 2 9.5 0 5
2020-10-14 2 10.5 0 0
2020-10-14 2 11.5 0 5
2020-10-14 2 1.0 1 2
2020-10-14 2 2.0 1 5
2020-10-14 2 1.5 1 2
2020-10-14 2 2.5 1 5
2020-10-14 2 3.0 1 5
2020-10-14 2 3.5 1 5
2020-10-14 2 4.0 1 3
2020-10-14 2 4.5 1 3
2020-10-14 2 5.0 1 3
2020-10-14 2 5.5 1 3
2020-10-14 2 6.0 1 4
2020-10-14 2 12.0 1 1
2020-10-14 2 12.5 1 1
2020-10-14 2 6.5 1 4
2020-10-14 2 7.0 1 5
2020-10-14 2 7.5 1 5
2020-10-14 2 8.0 1 5
2020-10-14 2 9.0 1 5
2020-10-14 2 10.0 1 5
2020-10-14 2 11.0 1 5
2020-10-14 2 8.5 1 5
2020-10-14 2 9.5 1 5
2020-10-14 2 10.5 1 5
2020-10-14 2 11.5 1 5
2020-10-15 3 1.0 0 5
2020-10-15 3 2.0 0 5
2020-10-15 3 1.5 0 5
2020-10-15 3 2.5 0 5
2020-10-15 3 3.0 0 5
2020-10-15 3 3.5 0 5
2020-10-15 3 4.0 0 5
2020-10-15 3 4.5 0 5
2020-10-15 3 5.0 0 5
2020-10-15 3 5.5 0 5
2020-10-15 3 6.0 0 5
2020-10-15 3 12.0 0 5
2020-10-15 3 12.5 0 5
2020-10-15 3 6.5 0 5
2020-10-15 3 7.0 0 5
2020-10-15 3 7.5 0 5
2020-10-15 3 8.0 0 5
2020-10-15 3 9.0 0 5
2020-10-15 3 10.0 0 0
2020-10-15 3 11.0 0 5
2020-10-15 3 8.5 0 5
2020-10-15 3 9.5 0 5
2020-10-15 3 10.5 0 0
2020-10-15 3 11.5 0 5
2020-10-15 3 1.0 1 2
2020-10-15 3 2.0 1 5
2020-10-15 3 1.5 1 2
2020-10-15 3 2.5 1 5
2020-10-15 3 3.0 1 5
2020-10-15 3 3.5 1 5
2020-10-15 3 4.0 1 3
2020-10-15 3 4.5 1 3
2020-10-15 3 5.0 1 3
2020-10-15 3 5.5 1 3
2020-10-15 3 6.0 1 4
2020-10-15 3 12.0 1 1
2020-10-15 3 12.5 1 1
2020-10-15 3 6.5 1 4
2020-10-15 3 7.0 1 5
2020-10-15 3 7.5 1 5
2020-10-15 3 8.0 1 5
2020-10-15 3 9.0 1 5
2020-10-15 3 10.0 1 5
2020-10-15 3 11.0 1 5
2020-10-15 3 8.5 1 5
2020-10-15 3 9.5 1 5
2020-10-15 3 10.5 1 5
2020-10-15 3 11.5 1 5
2020-10-16 4 1.0 0 5
2020-10-16 4 2.0 0 5
2020-10-16 4 1.5 0 5
2020-10-16 4 2.5 0 5
2020-10-16 4 3.0 0 5
2020-10-16 4 3.5 0 5
2020-10-16 4 4.0 0 5
2020-10-16 4 4.5 0 5
2020-10-16 4 5.0 0 5
2020-10-16 4 5.5 0 5
2020-10-16 4 6.0 0 5
2020-10-16 4 12.0 0 5
2020-10-16 4 12.5 0 5
2020-10-16 4 6.5 0 5
2020-10-16 4 7.0 0 5
2020-10-16 4 7.5 0 5
2020-10-16 4 8.0 0 5
2020-10-16 4 9.0 0 5
2020-10-16 4 10.0 0 0
2020-10-16 4 11.0 0 5
2020-10-16 4 8.5 0 5
2020-10-16 4 9.5 0 5
2020-10-16 4 10.5 0 0
2020-10-16 4 11.5 0 5
2020-10-16 4 1.0 1 2
2020-10-16 4 2.0 1 5
2020-10-16 4 1.5 1 2
2020-10-16 4 2.5 1 5
2020-10-16 4 3.0 1 5
2020-10-16 4 3.5 1 5
2020-10-16 4 4.0 1 3
2020-10-16 4 4.5 1 3
2020-10-16 4 5.0 1 3
2020-10-16 4 5.5 1 3
2020-10-16 4 6.0 1 4
2020-10-16 4 12.0 1 1
2020-10-16 4 12.5 1 1
2020-10-16 4 6.5 1 4
2020-10-16 4 7.0 1 5
2020-10-16 4 7.5 1 5
2020-10-16 4 8.0 1 5
2020-10-16 4 9.0 1 5
2020-10-16 4 10.0 1 5
2020-10-16 4 11.0 1 5
2020-10-16 4 8.5 1 5
2020-10-16 4 9.5 1 5
2020-10-16 4 10.5 1 5
2020-10-16 4 11.5 1 5
2020-10-17 5 1.0 0 5
2020-10-17 5 2.0 0 5
2020-10-17 5 1.5 0 5
2020-10-17 5 2.5 0 5
2020-10-17 5 3.0 0 5
2020-10-17 5 3.5 0 5
2020-10-17 5 4.0 0 5
2020-10-17 5 4.5 0 5
2020-10-17 5 5.0 0 5
2020-10-17 5 5.5 0 5
2020-10-17 5 6.0 0 5
2020-10-17 5 12.0 0 5
2020-10-17 5 12.5 0 5
2020-10-17 5 6.5 0 5
2020-10-17 5 7.0 0 5
2020-10-17 5 7.5 0 5
2020-10-17 5 8.0 0 5
2020-10-17 5 9.0 0 5
2020-10-17 5 10.0 0 0
2020-10-17 5 11.0 0 5
2020-10-17 5 8.5 0 5
2020-10-17 5 9.5 0 5
2020-10-17 5 10.5 0 0
2020-10-17 5 11.5 0 5
2020-10-17 5 1.0 1 2
2020-10-17 5 2.0 1 5
2020-10-17 5 1.5 1 2
2020-10-17 5 2.5 1 5
2020-10-17 5 3.0 1 5
2020-10-17 5 3.5 1 5
2020-10-17 5 4.0 1 3
2020-10-17 5 4.5 1 3
2020-10-17 5 5.0 1 3
2020-10-17 5 5.5 1 3
2020-10-17 5 6.0 1 4
2020-10-17 5 12.0 1 1
2020-10-17 5 12.5 1 1
2020-10-17 5 6.5 1 4
2020-10-17 5 7.0 1 5
2020-10-17 5 7.5 1 5
2020-10-17 5 8.0 1 5
2020-10-17 5 9.0 1 5
2020-10-17 5 10.0 1 5
2020-10-17 5 11.0 1 5
2020-10-17 5 8.5 1 5
2020-10-17 5 9.5 1 5
2020-10-17 5 10.5 1 5
2020-10-17 5 11.5 1 5
2020-10-18 6 1.0 0 5
2020-10-18 6 2.0 0 5
2020-10-18 6 1.5 0 5
2020-10-18 6 2.5 0 5
2020-10-18 6 3.0 0 5
2020-10-18 6 3.5 0 5
2020-10-18 6 4.0 0 5
2020-10-18 6 4.5 0 5
2020-10-18 6 5.0 0 5
2020-10-18 6 5.5 0 5
2020-10-18 6 6.0 0 5
2020-10-18 6 12.0 0 5
2020-10-18 6 12.5 0 5
2020-10-18 6 6.5 0 5
2020-10-18 6 7.0 0 5
2020-10-18 6 7.5 0 5
2020-10-18 6 8.0 0 5
2020-10-18 6 9.0 0 5
2020-10-18 6 10.0 0 0
2020-10-18 6 11.0 0 5
2020-10-18 6 8.5 0 5
2020-10-18 6 9.5 0 5
2020-10-18 6 10.5 0 0
2020-10-18 6 11.5 0 5
2020-10-18 6 1.0 1 2
2020-10-18 6 2.0 1 5
2020-10-18 6 1.5 1 2
2020-10-18 6 2.5 1 5
2020-10-18 6 3.0 1 5
2020-10-18 6 3.5 1 5
2020-10-18 6 4.0 1 3
2020-10-18 6 4.5 1 3
2020-10-18 6 5.0 1 3
2020-10-18 6 5.5 1 3
2020-10-18 6 6.0 1 4
2020-10-18 6 12.0 1 1
2020-10-18 6 12.5 1 1
2020-10-18 6 6.5 1 4
2020-10-18 6 7.0 1 5
2020-10-18 6 7.5 1 5
2020-10-18 6 8.0 1 5
2020-10-18 6 9.0 1 5
2020-10-18 6 10.0 1 5
2020-10-18 6 11.0 1 5
2020-10-18 6 8.5 1 5
2020-10-18 6 9.5 1 5
2020-10-18 6 10.5 1 5
2020-10-18 6 11.5 1 5
2020-10-19 0 1.0 0 5
2020-10-19 0 2.0 0 5
2020-10-19 0 1.5 0 5
2020-10-19 0 2.5 0 5
2020-10-19 0 3.0 0 5
2020-10-19 0 3.5 0 5
2020-10-19 0 4.0 0 5
2020-10-19 0 4.5 0 5
2020-10-19 0 5.0 0 5
2020-10-19 0 5.5 0 5
2020-10-19 0 6.0 0 5
2020-10-19 0 12.0 0 5
2020-10-19 0 12.5 0 5
2020-10-19 0 6.5 0 5
2020-10-19 0 7.0 0 5
2020-10-19 0 7.5 0 5
2020-10-19 0 8.0 0 5
2020-10-19 0 9.0 0 5
2020-10-19 0 10.0 0 5
2020-10-19 0 11.0 0 5
2020-10-19 0 8.5 0 5
2020-10-19 0 9.5 0 5
2020-10-19 0 10.5 0 5
2020-10-19 0 11.5 0 5
2020-10-19 0 1.0 1 2
2020-10-19 0 2.0 1 5
2020-10-19 0 1.5 1 2
2020-10-19 0 2.5 1 5
2020-10-19 0 3.0 1 5
2020-10-19 0 3.5 1 5
2020-10-19 0 4.0 1 5
2020-10-19 0 4.5 1 5
2020-10-19 0 5.0 1 5
2020-10-19 0 5.5 1 5
2020-10-19 0 6.0 1 4
2020-10-19 0 12.0 1 1
2020-10-19 0 12.5 1 1
2020-10-19 0 6.5 1 4
2020-10-19 0 7.0 1 5
2020-10-19 0 7.5 1 5
2020-10-19 0 8.0 1 5
2020-10-19 0 9.0 1 5
2020-10-19 0 10.0 1 5
2020-10-19 0 11.0 1 5
2020-10-19 0 8.5 1 5
2020-10-19 0 9.5 1 5
2020-10-19 0 10.5 1 5
2020-10-19 0 11.5 1 5
2020-10-20 1 1.0 0 5
2020-10-20 1 2.0 0 5
2020-10-20 1 1.5 0 5
2020-10-20 1 2.5 0 5
2020-10-20 1 3.0 0 5
2020-10-20 1 3.5 0 5
2020-10-20 1 4.0 0 5
2020-10-20 1 4.5 0 5
2020-10-20 1 5.0 0 5
2020-10-20 1 5.5 0 5
2020-10-20 1 6.0 0 5
2020-10-20 1 12.0 0 5
2020-10-20 1 12.5 0 5
2020-10-20 1 6.5 0 5
2020-10-20 1 7.0 0 5
2020-10-20 1 7.5 0 5
2020-10-20 1 8.0 0 5
2020-10-20 1 9.0 0 5
2020-10-20 1 10.0 0 5
2020-10-20 1 11.0 0 5
2020-10-20 1 8.5 0 5
2020-10-20 1 9.5 0 5
2020-10-20 1 10.5 0 5
2020-10-20 1 11.5 0 5
2020-10-20 1 1.0 1 2
2020-10-20 1 2.0 1 5
2020-10-20 1 1.5 1 2
2020-10-20 1 2.5 1 5
2020-10-20 1 3.0 1 5
2020-10-20 1 3.5 1 5
2020-10-20 1 4.0 1 5
2020-10-20 1 4.5 1 5
2020-10-20 1 5.0 1 5
2020-10-20 1 5.5 1 5
2020-10-20 1 6.0 1 4
2020-10-20 1 12.0 1 1
2020-10-20 1 12.5 1 1
2020-10-20 1 6.5 1 4
2020-10-20 1 7.0 1 5
2020-10-20 1 7.5 1 5
2020-10-20 1 8.0 1 5
2020-10-20 1 9.0 1 5
2020-10-20 1 10.0 1 5
2020-10-20 1 11.0 1 5
2020-10-20 1 8.5 1 5
2020-10-20 1 9.5 1 5
2020-10-20 1 10.5 1 5
2020-10-20 1 11.5 1 5
2020-10-21 2 1.0 0 5
2020-10-21 2 2.0 0 5
2020-10-21 2 1.5 0 5
2020-10-21 2 2.5 0 5
2020-10-21 2 3.0 0 5
2020-10-21 2 3.5 0 5
2020-10-21 2 4.0 0 5
2020-10-21 2 4.5 0 5
2020-10-21 2 5.0 0 5
2020-10-21 2 5.5 0 5
2020-10-21 2 6.0 0 5
2020-10-21 2 12.0 0 5
2020-10-21 2 12.5 0 5
2020-10-21 2 6.5 0 5
2020-10-21 2 7.0 0 5
2020-10-21 2 7.5 0 5
2020-10-21 2 8.0 0 5
2020-10-21 2 9.0 0 5
2020-10-21 2 10.0 0 5
2020-10-21 2 11.0 0 5
2020-10-21 2 8.5 0 5
2020-10-21 2 9.5 0 5
2020-10-21 2 10.5 0 5
2020-10-21 2 11.5 0 5
2020-10-21 2 1.0 1 5
2020-10-21 2 2.0 1 5
2020-10-21 2 1.5 1 5
2020-10-21 2 2.5 1 5
2020-10-21 2 3.0 1 5
2020-10-21 2 3.5 1 5
2020-10-21 2 4.0 1 5
2020-10-21 2 4.5 1 5
2020-10-21 2 5.0 1 5
2020-10-21 2 5.5 1 5
2020-10-21 2 6.0 1 5
2020-10-21 2 12.0 1 1
2020-10-21 2 12.5 1 1
2020-10-21 2 6.5 1 5
2020-10-21 2 7.0 1 5
2020-10-21 2 7.5 1 5
2020-10-21 2 8.0 1 5
2020-10-21 2 9.0 1 5
2020-10-21 2 10.0 1 5
2020-10-21 2 11.0 1 5
2020-10-21 2 8.5 1 5
2020-10-21 2 9.5 1 5
2020-10-21 2 10.5 1 5
2020-10-21 2 11.5 1 5
2020-10-22 3 1.0 0 5
2020-10-22 3 2.0 0 5
2020-10-22 3 1.5 0 5
2020-10-22 3 2.5 0 5
2020-10-22 3 3.0 0 5
2020-10-22 3 3.5 0 5
2020-10-22 3 4.0 0 5
2020-10-22 3 4.5 0 5
2020-10-22 3 5.0 0 5
2020-10-22 3 5.5 0 5
2020-10-22 3 6.0 0 5
2020-10-22 3 12.0 0 5
2020-10-22 3 12.5 0 5
2020-10-22 3 6.5 0 5
2020-10-22 3 7.0 0 5
2020-10-22 3 7.5 0 5
2020-10-22 3 8.0 0 5
2020-10-22 3 9.0 0 5
2020-10-22 3 10.0 0 5
2020-10-22 3 11.0 0 5
2020-10-22 3 8.5 0 5
2020-10-22 3 9.5 0 5
2020-10-22 3 10.5 0 5
2020-10-22 3 11.5 0 5
2020-10-22 3 1.0 1 5
2020-10-22 3 2.0 1 5
2020-10-22 3 1.5 1 5
2020-10-22 3 2.5 1 5
2020-10-22 3 3.0 1 5
2020-10-22 3 3.5 1 5
2020-10-22 3 4.0 1 5
2020-10-22 3 4.5 1 5
2020-10-22 3 5.0 1 5
2020-10-22 3 5.5 1 5
2020-10-22 3 6.0 1 5
2020-10-22 3 12.0 1 1
2020-10-22 3 12.5 1 1
2020-10-22 3 6.5 1 5
2020-10-22 3 7.0 1 5
2020-10-22 3 7.5 1 5
2020-10-22 3 8.0 1 5
2020-10-22 3 9.0 1 5
2020-10-22 3 10.0 1 5
2020-10-22 3 11.0 1 5
2020-10-22 3 8.5 1 5
2020-10-22 3 9.5 1 5
2020-10-22 3 10.5 1 5
2020-10-22 3 11.5 1 5
2020-10-23 4 1.0 0 5
2020-10-23 4 2.0 0 5
2020-10-23 4 1.5 0 5
2020-10-23 4 2.5 0 5
2020-10-23 4 3.0 0 5
2020-10-23 4 3.5 0 5
2020-10-23 4 4.0 0 5
2020-10-23 4 4.5 0 5
2020-10-23 4 5.0 0 5
2020-10-23 4 5.5 0 5
2020-10-23 4 6.0 0 5
2020-10-23 4 12.0 0 5
2020-10-23 4 12.5 0 5
2020-10-23 4 6.5 0 5
2020-10-23 4 7.0 0 5
2020-10-23 4 7.5 0 5
2020-10-23 4 8.0 0 5
2020-10-23 4 9.0 0 5
2020-10-23 4 10.0 0 5
2020-10-23 4 11.0 0 5
2020-10-23 4 8.5 0 5
2020-10-23 4 9.5 0 5
2020-10-23 4 10.5 0 5
2020-10-23 4 11.5 0 5
2020-10-23 4 1.0 1 5
2020-10-23 4 2.0 1 5
2020-10-23 4 1.5 1 5
2020-10-23 4 2.5 1 5
2020-10-23 4 3.0 1 5
2020-10-23 4 3.5 1 5
2020-10-23 4 4.0 1 5
2020-10-23 4 4.5 1 5
2020-10-23 4 5.0 1 5
2020-10-23 4 5.5 1 5
2020-10-23 4 6.0 1 5
2020-10-23 4 12.0 1 1
2020-10-23 4 12.5 1 1
2020-10-23 4 6.5 1 5
2020-10-23 4 7.0 1 5
2020-10-23 4 7.5 1 5
2020-10-23 4 8.0 1 5
2020-10-23 4 9.0 1 5
2020-10-23 4 10.0 1 5
2020-10-23 4 11.0 1 5
2020-10-23 4 8.5 1 5
2020-10-23 4 9.5 1 5
2020-10-23 4 10.5 1 5
2020-10-23 4 11.5 1 5
2020-10-24 5 1.0 0 5
2020-10-24 5 2.0 0 5
2020-10-24 5 1.5 0 5
2020-10-24 5 2.5 0 5
2020-10-24 5 3.0 0 5
2020-10-24 5 3.5 0 5
2020-10-24 5 4.0 0 5
2020-10-24 5 4.5 0 5
2020-10-24 5 5.0 0 5
2020-10-24 5 5.5 0 5
2020-10-24 5 6.0 0 5
2020-10-24 5 12.0 0 5
2020-10-24 5 12.5 0 5
2020-10-24 5 6.5 0 5
2020-10-24 5 7.0 0 5
2020-10-24 5 7.5 0 5
2020-10-24 5 8.0 0 5
2020-10-24 5 9.0 0 5
2020-10-24 5 10.0 0 5
2020-10-24 5 11.0 0 5
2020-10-24 5 8.5 0 5
2020-10-24 5 9.5 0 5
2020-10-24 5 10.5 0 5
2020-10-24 5 11.5 0 5
2020-10-24 5 1.0 1 5
2020-10-24 5 2.0 1 5
2020-10-24 5 1.5 1 5
2020-10-24 5 2.5 1 5
2020-10-24 5 3.0 1 5
2020-10-24 5 3.5 1 5
2020-10-24 5 4.0 1 5
2020-10-24 5 4.5 1 5
2020-10-24 5 5.0 1 5
2020-10-24 5 5.5 1 5
2020-10-24 5 6.0 1 5
2020-10-24 5 12.0 1 1
2020-10-24 5 12.5 1 1
2020-10-24 5 6.5 1 5
2020-10-24 5 7.0 1 5
2020-10-24 5 7.5 1 5
2020-10-24 5 8.0 1 5
2020-10-24 5 9.0 1 5
2020-10-24 5 10.0 1 5
2020-10-24 5 11.0 1 5
2020-10-24 5 8.5 1 5
2020-10-24 5 9.5 1 5
2020-10-24 5 10.5 1 5
2020-10-24 5 11.5 1 5
2020-10-25 6 1.0 0 5
2020-10-25 6 2.0 0 5
2020-10-25 6 1.5 0 5
2020-10-25 6 2.5 0 5
2020-10-25 6 3.0 0 5
2020-10-25 6 3.5 0 5
2020-10-25 6 4.0 0 5
2020-10-25 6 4.5 0 5
2020-10-25 6 5.0 0 5
2020-10-25 6 5.5 0 5
2020-10-25 6 6.0 0 5
2020-10-25 6 12.0 0 5
2020-10-25 6 12.5 0 5
2020-10-25 6 6.5 0 5
2020-10-25 6 7.0 0 5
2020-10-25 6 7.5 0 5
2020-10-25 6 8.0 0 5
2020-10-25 6 9.0 0 5
2020-10-25 6 10.0 0 5
2020-10-25 6 11.0 0 5
2020-10-25 6 8.5 0 5
2020-10-25 6 9.5 0 5
2020-10-25 6 10.5 0 5
2020-10-25 6 11.5 0 5
2020-10-25 6 1.0 1 5
2020-10-25 6 2.0 1 5
2020-10-25 6 1.5 1 5
2020-10-25 6 2.5 1 5
2020-10-25 6 3.0 1 5
2020-10-25 6 3.5 1 5
2020-10-25 6 4.0 1 5
2020-10-25 6 4.5 1 5
2020-10-25 6 5.0 1 5
2020-10-25 6 5.5 1 5
2020-10-25 6 6.0 1 5
2020-10-25 6 12.0 1 1
2020-10-25 6 12.5 1 1
2020-10-25 6 6.5 1 5
2020-10-25 6 7.0 1 5
2020-10-25 6 7.5 1 5
2020-10-25 6 8.0 1 5
2020-10-25 6 9.0 1 5
2020-10-25 6 10.0 1 5
2020-10-25 6 11.0 1 5
2020-10-25 6 8.5 1 5
2020-10-25 6 9.5 1 5
2020-10-25 6 10.5 1 5
2020-10-25 6 11.5 1 5
2020-10-26 0 1.0 0 5
2020-10-26 0 2.0 0 5
2020-10-26 0 1.5 0 5
2020-10-26 0 2.5 0 5
2020-10-26 0 3.0 0 5
2020-10-26 0 3.5 0 5
2020-10-26 0 4.0 0 5
2020-10-26 0 4.5 0 5
2020-10-26 0 5.0 0 5
2020-10-26 0 5.5 0 5
2020-10-26 0 6.0 0 5
2020-10-26 0 12.0 0 5
2020-10-26 0 12.5 0 5
2020-10-26 0 6.5 0 5
2020-10-26 0 7.0 0 5
2020-10-26 0 7.5 0 5
2020-10-26 0 8.0 0 5
2020-10-26 0 9.0 0 5
2020-10-26 0 10.0 0 5
2020-10-26 0 11.0 0 5
2020-10-26 0 8.5 0 5
2020-10-26 0 9.5 0 5
2020-10-26 0 10.5 0 5
2020-10-26 0 11.5 0 5
2020-10-26 0 1.0 1 5
2020-10-26 0 2.0 1 5
2020-10-26 0 1.5 1 5
2020-10-26 0 2.5 1 5
2020-10-26 0 3.0 1 5
2020-10-26 0 3.5 1 5
2020-10-26 0 4.0 1 5
2020-10-26 0 4.5 1 5
2020-10-26 0 5.0 1 5
2020-10-26 0 5.5 1 5
2020-10-26 0 6.0 1 5
2020-10-26 0 12.0 1 1
2020-10-26 0 12.5 1 1
2020-10-26 0 6.5 1 5
2020-10-26 0 7.0 1 5
2020-10-26 0 7.5 1 5
2020-10-26 0 8.0 1 5
2020-10-26 0 9.0 1 5
2020-10-26 0 10.0 1 5
2020-10-26 0 11.0 1 5
2020-10-26 0 8.5 1 5
2020-10-26 0 9.5 1 5
2020-10-26 0 10.5 1 5
2020-10-26 0 11.5 1 5
2020-10-27 1 1.0 0 5
2020-10-27 1 2.0 0 5
2020-10-27 1 1.5 0 5
2020-10-27 1 2.5 0 5
2020-10-27 1 3.0 0 5
2020-10-27 1 3.5 0 5
2020-10-27 1 4.0 0 5
2020-10-27 1 4.5 0 5
2020-10-27 1 5.0 0 5
2020-10-27 1 5.5 0 5
2020-10-27 1 6.0 0 5
2020-10-27 1 12.0 0 5
2020-10-27 1 12.5 0 5
2020-10-27 1 6.5 0 5
2020-10-27 1 7.0 0 5
2020-10-27 1 7.5 0 5
2020-10-27 1 8.0 0 5
2020-10-27 1 9.0 0 5
2020-10-27 1 10.0 0 5
2020-10-27 1 11.0 0 5
2020-10-27 1 8.5 0 5
2020-10-27 1 9.5 0 5
2020-10-27 1 10.5 0 5
2020-10-27 1 11.5 0 5
2020-10-27 1 1.0 1 5
2020-10-27 1 2.0 1 5
2020-10-27 1 1.5 1 5
2020-10-27 1 2.5 1 5
2020-10-27 1 3.0 1 5
2020-10-27 1 3.5 1 5
2020-10-27 1 4.0 1 5
2020-10-27 1 4.5 1 5
2020-10-27 1 5.0 1 5
2020-10-27 1 5.5 1 5
2020-10-27 1 6.0 1 5
2020-10-27 1 12.0 1 1
2020-10-27 1 12.5 1 1
2020-10-27 1 6.5 1 5
2020-10-27 1 7.0 1 5
2020-10-27 1 7.5 1 5
2020-10-27 1 8.0 1 5
2020-10-27 1 9.0 1 5
2020-10-27 1 10.0 1 5
2020-10-27 1 11.0 1 5
2020-10-27 1 8.5 1 5
2020-10-27 1 9.5 1 5
2020-10-27 1 10.5 1 5
2020-10-27 1 11.5 1 5
2020-10-28 2 1.0 0 5
2020-10-28 2 2.0 0 5
2020-10-28 2 1.5 0 5
2020-10-28 2 2.5 0 5
2020-10-28 2 3.0 0 5
2020-10-28 2 3.5 0 5
2020-10-28 2 4.0 0 5
2020-10-28 2 4.5 0 5
2020-10-28 2 5.0 0 5
2020-10-28 2 5.5 0 5
2020-10-28 2 6.0 0 5
2020-10-28 2 12.0 0 5
2020-10-28 2 12.5 0 5
2020-10-28 2 6.5 0 5
2020-10-28 2 7.0 0 5
2020-10-28 2 7.5 0 5
2020-10-28 2 8.0 0 5
2020-10-28 2 9.0 0 5
2020-10-28 2 10.0 0 5
2020-10-28 2 11.0 0 5
2020-10-28 2 8.5 0 5
2020-10-28 2 9.5 0 5
2020-10-28 2 10.5 0 5
2020-10-28 2 11.5 0 5
2020-10-28 2 1.0 1 5
2020-10-28 2 2.0 1 5
2020-10-28 2 1.5 1 5
2020-10-28 2 2.5 1 5
2020-10-28 2 3.0 1 5
2020-10-28 2 3.5 1 5
2020-10-28 2 4.0 1 5
2020-10-28 2 4.5 1 5
2020-10-28 2 5.0 1 5
2020-10-28 2 5.5 1 5
2020-10-28 2 6.0 1 5
2020-10-28 2 12.0 1 1
2020-10-28 2 12.5 1 1
2020-10-28 2 6.5 1 5
2020-10-28 2 7.0 1 5
2020-10-28 2 7.5 1 5
2020-10-28 2 8.0 1 5
2020-10-28 2 9.0 1 5
2020-10-28 2 10.0 1 5
2020-10-28 2 11.0 1 5
2020-10-28 2 8.5 1 5
2020-10-28 2 9.5 1 5
2020-10-28 2 10.5 1 5
2020-10-28 2 11.5 1 5
2020-10-29 3 1.0 0 5
2020-10-29 3 2.0 0 5
2020-10-29 3 1.5 0 5
2020-10-29 3 2.5 0 5
2020-10-29 3 3.0 0 5
2020-10-29 3 3.5 0 5
2020-10-29 3 4.0 0 5
2020-10-29 3 4.5 0 5
2020-10-29 3 5.0 0 5
2020-10-29 3 5.5 0 5
2020-10-29 3 6.0 0 5
2020-10-29 3 12.0 0 5
2020-10-29 3 12.5 0 5
2020-10-29 3 6.5 0 5
2020-10-29 3 7.0 0 5
2020-10-29 3 7.5 0 5
2020-10-29 3 8.0 0 5
2020-10-29 3 9.0 0 5
2020-10-29 3 10.0 0 5
2020-10-29 3 11.0 0 5
2020-10-29 3 8.5 0 5
2020-10-29 3 9.5 0 5
2020-10-29 3 10.5 0 5
2020-10-29 3 11.5 0 5
2020-10-29 3 1.0 1 5
2020-10-29 3 2.0 1 5
2020-10-29 3 1.5 1 5
2020-10-29 3 2.5 1 5
2020-10-29 3 3.0 1 5
2020-10-29 3 3.5 1 5
2020-10-29 3 4.0 1 5
2020-10-29 3 4.5 1 5
2020-10-29 3 5.0 1 5
2020-10-29 3 5.5 1 5
2020-10-29 3 6.0 1 5
2020-10-29 3 12.0 1 1
2020-10-29 3 12.5 1 1
2020-10-29 3 6.5 1 5
2020-10-29 3 7.0 1 5
2020-10-29 3 7.5 1 5
2020-10-29 3 8.0 1 5
2020-10-29 3 9.0 1 5
2020-10-29 3 10.0 1 5
2020-10-29 3 11.0 1 5
2020-10-29 3 8.5 1 5
2020-10-29 3 9.5 1 5
2020-10-29 3 10.5 1 5
2020-10-29 3 11.5 1 5
2020-10-30 4 1.0 0 5
2020-10-30 4 2.0 0 5
2020-10-30 4 1.5 0 5
2020-10-30 4 2.5 0 5
2020-10-30 4 3.0 0 5
2020-10-30 4 3.5 0 5
2020-10-30 4 4.0 0 5
2020-10-30 4 4.5 0 5
2020-10-30 4 5.0 0 5
2020-10-30 4 5.5 0 5
2020-10-30 4 6.0 0 5
2020-10-30 4 12.0 0 5
2020-10-30 4 12.5 0 5
2020-10-30 4 6.5 0 5
2020-10-30 4 7.0 0 5
2020-10-30 4 7.5 0 5
2020-10-30 4 8.0 0 5
2020-10-30 4 9.0 0 5
2020-10-30 4 10.0 0 5
2020-10-30 4 11.0 0 5
2020-10-30 4 8.5 0 5
2020-10-30 4 9.5 0 5
2020-10-30 4 10.5 0 5
2020-10-30 4 11.5 0 5
2020-10-30 4 1.0 1 5
2020-10-30 4 2.0 1 5
2020-10-30 4 1.5 1 5
2020-10-30 4 2.5 1 5
2020-10-30 4 3.0 1 5
2020-10-30 4 3.5 1 5
2020-10-30 4 4.0 1 5
2020-10-30 4 4.5 1 5
2020-10-30 4 5.0 1 5
2020-10-30 4 5.5 1 5
2020-10-30 4 6.0 1 5
2020-10-30 4 12.0 1 1
2020-10-30 4 12.5 1 1
2020-10-30 4 6.5 1 5
2020-10-30 4 7.0 1 5
2020-10-30 4 7.5 1 5
2020-10-30 4 8.0 1 5
2020-10-30 4 9.0 1 5
2020-10-30 4 10.0 1 5
2020-10-30 4 11.0 1 5
2020-10-30 4 8.5 1 5
2020-10-30 4 9.5 1 5
2020-10-30 4 10.5 1 5
2020-10-30 4 11.5 1 5
2020-10-31 5 1.0 0 5
2020-10-31 5 2.0 0 5
2020-10-31 5 1.5 0 5
2020-10-31 5 2.5 0 5
2020-10-31 5 3.0 0 5
2020-10-31 5 3.5 0 5
2020-10-31 5 4.0 0 5
2020-10-31 5 4.5 0 5
2020-10-31 5 5.0 0 5
2020-10-31 5 5.5 0 5
2020-10-31 5 6.0 0 5
2020-10-31 5 12.0 0 5
2020-10-31 5 12.5 0 5
2020-10-31 5 6.5 0 5
2020-10-31 5 7.0 0 5
2020-10-31 5 7.5 0 5
2020-10-31 5 8.0 0 5
2020-10-31 5 9.0 0 5
2020-10-31 5 10.0 0 5
2020-10-31 5 11.0 0 5
2020-10-31 5 8.5 0 5
2020-10-31 5 9.5 0 5
2020-10-31 5 10.5 0 5
2020-10-31 5 11.5 0 5
2020-10-31 5 1.0 1 5
2020-10-31 5 2.0 1 5
2020-10-31 5 1.5 1 5
2020-10-31 5 2.5 1 5
2020-10-31 5 3.0 1 5
2020-10-31 5 3.5 1 5
2020-10-31 5 4.0 1 5
2020-10-31 5 4.5 1 5
2020-10-31 5 5.0 1 5
2020-10-31 5 5.5 1 5
2020-10-31 5 6.0 1 5
2020-10-31 5 12.0 1 1
2020-10-31 5 12.5 1 1
2020-10-31 5 6.5 1 5
2020-10-31 5 7.0 1 5
2020-10-31 5 7.5 1 5
2020-10-31 5 8.0 1 5
2020-10-31 5 9.0 1 5
2020-10-31 5 10.0 1 5
2020-10-31 5 11.0 1 5
2020-10-31 5 8.5 1 5
2020-10-31 5 9.5 1 5
2020-10-31 5 10.5 1 5
2020-10-31 5 11.5 1 5
2020-11-01 6 1.0 0 5
2020-11-01 6 2.0 0 5
2020-11-01 6 1.5 0 5
2020-11-01 6 2.5 0 5
2020-11-01 6 3.0 0 5
2020-11-01 6 3.5 0 5
2020-11-01 6 4.0 0 5
2020-11-01 6 4.5 0 5
2020-11-01 6 5.0 0 5
2020-11-01 6 5.5 0 5
2020-11-01 6 6.0 0 5
2020-11-01 6 12.0 0 5
2020-11-01 6 12.5 0 5
2020-11-01 6 6.5 0 5
2020-11-01 6 7.0 0 5
2020-11-01 6 7.5 0 5
2020-11-01 6 8.0 0 5
2020-11-01 6 9.0 0 5
2020-11-01 6 10.0 0 5
2020-11-01 6 11.0 0 5
2020-11-01 6 8.5 0 5
2020-11-01 6 9.5 0 5
2020-11-01 6 10.5 0 5
2020-11-01 6 11.5 0 5
2020-11-01 6 1.0 1 5
2020-11-01 6 2.0 1 5
2020-11-01 6 1.5 1 5
2020-11-01 6 2.5 1 5
2020-11-01 6 3.0 1 5
2020-11-01 6 3.5 1 5
2020-11-01 6 4.0 1 5
2020-11-01 6 4.5 1 5
2020-11-01 6 5.0 1 5
2020-11-01 6 5.5 1 5
2020-11-01 6 6.0 1 5
2020-11-01 6 12.0 1 1
2020-11-01 6 12.5 1 1
2020-11-01 6 6.5 1 5
2020-11-01 6 7.0 1 5
2020-11-01 6 7.5 1 5
2020-11-01 6 8.0 1 5
2020-11-01 6 9.0 1 5
2020-11-01 6 10.0 1 5
2020-11-01 6 11.0 1 5
2020-11-01 6 8.5 1 5
2020-11-01 6 9.5 1 5
2020-11-01 6 10.5 1 5
2020-11-01 6 11.5 1 5
2020-11-02 0 1.0 0 5
2020-11-02 0 2.0 0 5
2020-11-02 0 1.5 0 5
2020-11-02 0 2.5 0 5
2020-11-02 0 3.0 0 5
2020-11-02 0 3.5 0 5
2020-11-02 0 4.0 0 5
2020-11-02 0 4.5 0 5
2020-11-02 0 5.0 0 5
2020-11-02 0 5.5 0 5
2020-11-02 0 6.0 0 5
2020-11-02 0 12.0 0 5
2020-11-02 0 12.5 0 5
2020-11-02 0 6.5 0 5
2020-11-02 0 7.0 0 5
2020-11-02 0 7.5 0 5
2020-11-02 0 8.0 0 5
2020-11-02 0 9.0 0 5
2020-11-02 0 10.0 0 5
2020-11-02 0 11.0 0 5
2020-11-02 0 8.5 0 5
2020-11-02 0 9.5 0 5
2020-11-02 0 10.5 0 5
2020-11-02 0 11.5 0 5
2020-11-02 0 1.0 1 5
2020-11-02 0 2.0 1 5
2020-11-02 0 1.5 1 5
2020-11-02 0 2.5 1 5
2020-11-02 0 3.0 1 5
2020-11-02 0 3.5 1 5
2020-11-02 0 4.0 1 5
2020-11-02 0 4.5 1 5
2020-11-02 0 5.0 1 5
2020-11-02 0 5.5 1 5
2020-11-02 0 6.0 1 5
2020-11-02 0 12.0 1 1
2020-11-02 0 12.5 1 1
2020-11-02 0 6.5 1 5
2020-11-02 0 7.0 1 5
2020-11-02 0 7.5 1 5
2020-11-02 0 8.0 1 5
2020-11-02 0 9.0 1 5
2020-11-02 0 10.0 1 5
2020-11-02 0 11.0 1 5
2020-11-02 0 8.5 1 5
2020-11-02 0 9.5 1 5
2020-11-02 0 10.5 1 5
2020-11-02 0 11.5 1 5
2020-11-03 1 1.0 0 5
2020-11-03 1 2.0 0 5
2020-11-03 1 1.5 0 5
2020-11-03 1 2.5 0 5
2020-11-03 1 3.0 0 5
2020-11-03 1 3.5 0 5
2020-11-03 1 4.0 0 5
2020-11-03 1 4.5 0 5
2020-11-03 1 5.0 0 5
2020-11-03 1 5.5 0 5
2020-11-03 1 6.0 0 5
2020-11-03 1 12.0 0 5
2020-11-03 1 12.5 0 5
2020-11-03 1 6.5 0 5
2020-11-03 1 7.0 0 5
2020-11-03 1 7.5 0 5
2020-11-03 1 8.0 0 5
2020-11-03 1 9.0 0 5
2020-11-03 1 10.0 0 5
2020-11-03 1 11.0 0 5
2020-11-03 1 8.5 0 5
2020-11-03 1 9.5 0 5
2020-11-03 1 10.5 0 5
2020-11-03 1 11.5 0 5
2020-11-03 1 1.0 1 5
2020-11-03 1 2.0 1 5
2020-11-03 1 1.5 1 5
2020-11-03 1 2.5 1 5
2020-11-03 1 3.0 1 5
2020-11-03 1 3.5 1 5
2020-11-03 1 4.0 1 5
2020-11-03 1 4.5 1 5
2020-11-03 1 5.0 1 5
2020-11-03 1 5.5 1 5
2020-11-03 1 6.0 1 5
2020-11-03 1 12.0 1 1
2020-11-03 1 12.5 1 1
2020-11-03 1 6.5 1 5
2020-11-03 1 7.0 1 5
2020-11-03 1 7.5 1 5
2020-11-03 1 8.0 1 5
2020-11-03 1 9.0 1 5
2020-11-03 1 10.0 1 5
2020-11-03 1 11.0 1 5
2020-11-03 1 8.5 1 5
2020-11-03 1 9.5 1 5
2020-11-03 1 10.5 1 5
2020-11-03 1 11.5 1 5
