2020-11-30 0 10.5 0 5
2020-11-30 0 10.5 1 5
2020-11-30 0 10 0 5
2020-11-30 0 8.5 0 5
2020-11-30 0 2.5 0 5
2020-11-30 0 8.5 1 5
2020-11-30 0 2.5 1 5
2020-11-30 0 7 0 5
2020-11-30 0 9.5 0 5
2020-11-30 0 7 1 5
2020-11-30 0 9.5 1 5
2020-11-30 0 4.5 0 5
2020-11-30 0 4.5 1 4
2020-11-30 0 12.5 0 5
2020-11-30 0 10 1 5
2020-11-30 0 1 1 3
2020-11-30 0 5 0 5
2020-11-30 0 1 0 5
2020-11-30 0 4 1 4
2020-11-30 0 1.5 1 3
2020-11-30 0 5 1 4
2020-11-30 0 1.5 0 5
2020-11-30 0 11.5 1 5
2020-11-30 0 4 0 5
2020-11-30 0 11.5 0 1
2020-11-30 0 6.5 1 3
2020-11-30 0 11 0 2
2020-11-30 0 6.5 0 5
2020-11-30 0 11 1 5
2020-11-30 0 3.5 1 2
2020-11-30 0 8 0 5
2020-11-30 0 3.5 0 5
2020-11-30 0 8 1 5
2020-11-30 0 7.5 1 5
2020-11-30 0 12 0 5
2020-11-30 0 12 1 1
2020-11-30 0 7.5 0 5
2020-11-30 0 2 1 5
2020-11-30 0 9 0 5
2020-11-30 0 9 1 5
2020-11-30 0 2 0 5
2020-11-30 0 5.5 1 4
2020-11-30 0 6 1 3
2020-11-30 0 5.5 0 5
2020-11-30 0 6 0 5
2020-11-30 0 3 0 5
2020-11-30 0 3 1 2
2020-11-30 0 12.5 1 1
2020-11-29 6 10.5 0 5
2020-11-29 6 10.5 1 5
2020-11-29 6 10 0 5
2020-11-29 6 8.5 0 5
2020-11-29 6 8.5 1 5
2020-11-29 6 2.5 0 5
2020-11-29 6 7 0 5
2020-11-29 6 2.5 1 5
2020-11-29 6 7 1 5
2020-11-29 6 9.5 1 5
2020-11-29 6 9.5 0 5
2020-11-29 6 4.5 0 5
2020-11-29 6 4.5 1 5
2020-11-29 6 10 1 5
2020-11-29 6 12.5 0 5
2020-11-29 6 1 0 5
2020-11-29 6 5 0 5
2020-11-29 6 1 1 5
2020-11-29 6 4 0 5
2020-11-29 6 5 1 5
2020-11-29 6 1.5 1 5
2020-11-29 6 4 1 5
2020-11-29 6 1.5 0 5
2020-11-29 6 11.5 0 5
2020-11-29 6 11.5 1 5
2020-11-29 6 6.5 1 5
2020-11-29 6 6.5 0 5
2020-11-29 6 11 0 5
2020-11-29 6 11 1 5
2020-11-29 6 3.5 1 5
2020-11-29 6 3.5 0 5
2020-11-29 6 8 0 5
2020-11-29 6 12 1 5
2020-11-29 6 12 0 5
2020-11-29 6 7.5 1 5
2020-11-29 6 7.5 0 5
2020-11-29 6 2 0 5
2020-11-29 6 9 0 5
2020-11-29 6 2 1 5
2020-11-29 6 9 1 5
2020-11-29 6 5.5 0 5
2020-11-29 6 5.5 1 5
2020-11-29 6 3 0 5
2020-11-29 6 6 1 5
2020-11-29 6 6 0 5
2020-11-29 6 8 1 5
2020-11-29 6 12.5 1 5
2020-11-29 6 3 1 5
2020-12-05 5 10.5 0 5
2020-12-05 5 10.5 1 5
2020-12-05 5 8.5 1 5
2020-12-05 5 8.5 0 5
2020-12-05 5 10 0 5
2020-12-05 5 2.5 1 5
2020-12-05 5 2.5 0 5
2020-12-05 5 7 1 5
2020-12-05 5 7 0 5
2020-12-05 5 9.5 1 5
2020-12-05 5 9.5 0 5
2020-12-05 5 4.5 0 5
2020-12-05 5 10 1 5
2020-12-05 5 4.5 1 5
2020-12-05 5 12.5 0 5
2020-12-05 5 1 1 5
2020-12-05 5 5 0 5
2020-12-05 5 1 0 5
2020-12-05 5 5 1 5
2020-12-05 5 4 1 5
2020-12-05 5 4 0 5
2020-12-05 5 1.5 1 5
2020-12-05 5 1.5 0 5
2020-12-05 5 11.5 0 5
2020-12-05 5 11.5 1 5
2020-12-05 5 6.5 0 5
2020-12-05 5 6.5 1 5
2020-12-05 5 11 0 5
2020-12-05 5 11 1 5
2020-12-05 5 3.5 0 5
2020-12-05 5 3.5 1 5
2020-12-05 5 8 1 5
2020-12-05 5 8 0 5
2020-12-05 5 12 0 5
2020-12-05 5 12 1 5
2020-12-05 5 7.5 1 5
2020-12-05 5 7.5 0 5
2020-12-05 5 2 1 5
2020-12-05 5 2 0 5
2020-12-05 5 9 0 5
2020-12-05 5 9 1 5
2020-12-05 5 5.5 1 5
2020-12-05 5 6 1 5
2020-12-05 5 3 0 5
2020-12-05 5 5.5 0 5
2020-12-05 5 3 1 5
2020-12-05 5 12.5 1 5
2020-12-05 5 6 0 5
2020-12-04 4 10.5 0 5
2020-12-04 4 10.5 1 5
2020-12-04 4 10 0 5
2020-12-04 4 8.5 0 5
2020-12-04 4 8.5 1 5
2020-12-04 4 7 0 5
2020-12-04 4 2.5 1 5
2020-12-04 4 2.5 0 5
2020-12-04 4 7 1 5
2020-12-04 4 9.5 0 5
2020-12-04 4 9.5 1 5
2020-12-04 4 4.5 0 5
2020-12-04 4 4.5 1 5
2020-12-04 4 12.5 0 5
2020-12-04 4 10 1 5
2020-12-04 4 1 0 5
2020-12-04 4 1 1 5
2020-12-04 4 5 0 5
2020-12-04 4 5 1 5
2020-12-04 4 4 1 5
2020-12-04 4 4 0 5
2020-12-04 4 1.5 0 5
2020-12-04 4 11.5 1 5
2020-12-04 4 1.5 1 5
2020-12-04 4 11.5 0 5
2020-12-04 4 6.5 0 5
2020-12-04 4 6.5 1 5
2020-12-04 4 11 0 5
2020-12-04 4 11 1 5
2020-12-04 4 3.5 1 5
2020-12-04 4 3.5 0 5
2020-12-04 4 8 0 5
2020-12-04 4 8 1 5
2020-12-04 4 12 0 5
2020-12-04 4 12 1 5
2020-12-04 4 7.5 1 5
2020-12-04 4 2 1 5
2020-12-04 4 7.5 0 5
2020-12-04 4 2 0 5
2020-12-04 4 9 0 5
2020-12-04 4 9 1 5
2020-12-04 4 5.5 0 5
2020-12-04 4 6 1 5
2020-12-04 4 6 0 5
2020-12-04 4 3 1 5
2020-12-04 4 3 0 5
2020-12-03 3 10.5 0 5
2020-12-03 3 10 0 5
2020-12-04 4 12.5 1 5
2020-12-04 4 5.5 1 5
2020-12-03 3 10.5 1 5
2020-12-03 3 8.5 0 5
2020-12-03 3 8.5 1 5
2020-12-03 3 2.5 1 5
2020-12-03 3 2.5 0 5
2020-12-03 3 7 0 5
2020-12-03 3 7 1 5
2020-12-03 3 9.5 0 5
2020-12-03 3 9.5 1 5
2020-12-03 3 4.5 1 5
2020-12-03 3 4.5 0 5
2020-12-03 3 12.5 0 5
2020-12-03 3 10 1 5
2020-12-03 3 1 0 5
2020-12-03 3 1 1 5
2020-12-03 3 5 0 5
2020-12-03 3 4 1 5
2020-12-03 3 5 1 5
2020-12-03 3 4 0 5
2020-12-03 3 1.5 1 5
2020-12-03 3 1.5 0 5
2020-12-03 3 6.5 0 5
2020-12-03 3 11.5 1 5
2020-12-03 3 6.5 1 5
2020-12-03 3 11.5 0 5
2020-12-03 3 11 0 5
2020-12-03 3 11 1 5
2020-12-03 3 3.5 1 5
2020-12-03 3 3.5 0 5
2020-12-03 3 8 1 5
2020-12-03 3 7.5 1 5
2020-12-03 3 12 1 5
2020-12-03 3 12 0 5
2020-12-03 3 2 1 5
2020-12-03 3 7.5 0 5
2020-12-03 3 2 0 5
2020-12-03 3 9 0 5
2020-12-03 3 9 1 5
2020-12-03 3 5.5 1 5
2020-12-03 3 5.5 0 5
2020-12-03 3 6 1 5
2020-12-03 3 6 0 5
2020-12-03 3 8 0 5
2020-12-03 3 3 0 5
2020-12-03 3 3 1 5
2020-12-03 3 12.5 1 5
2020-12-02 2 10.5 1 5
2020-12-02 2 10.5 0 5
2020-12-02 2 10 0 5
2020-12-02 2 8.5 0 5
2020-12-02 2 8.5 1 5
2020-12-02 2 2.5 0 5
2020-12-02 2 2.5 1 5
2020-12-02 2 7 0 5
2020-12-02 2 9.5 1 5
2020-12-02 2 7 1 5
2020-12-02 2 9.5 0 5
2020-12-02 2 4.5 0 5
2020-12-02 2 10 1 5
2020-12-02 2 4.5 1 5
2020-12-02 2 12.5 0 5
2020-12-02 2 1 1 5
2020-12-02 2 1 0 5
2020-12-02 2 5 0 5
2020-12-02 2 4 1 5
2020-12-02 2 5 1 5
2020-12-02 2 4 0 5
2020-12-02 2 1.5 1 5
2020-12-02 2 1.5 0 5
2020-12-02 2 11.5 1 5
2020-12-02 2 6.5 0 5
2020-12-02 2 11.5 0 5
2020-12-02 2 6.5 1 5
2020-12-02 2 11 0 5
2020-12-02 2 3.5 1 5
2020-12-02 2 3.5 0 5
2020-12-02 2 11 1 5
2020-12-02 2 8 1 5
2020-12-02 2 12 0 5
2020-12-02 2 8 0 5
2020-12-02 2 12 1 5
2020-12-02 2 7.5 1 5
2020-12-02 2 7.5 0 5
2020-12-02 2 2 1 5
2020-12-02 2 9 1 5
2020-12-02 2 2 0 5
2020-12-02 2 5.5 1 5
2020-12-02 2 5.5 0 5
2020-12-02 2 9 0 5
2020-12-02 2 6 1 5
2020-12-02 2 3 0 5
2020-12-02 2 6 0 5
2020-12-02 2 3 1 5
2020-12-02 2 12.5 1 5
2020-12-01 1 10.5 0 5
2020-12-01 1 10.5 1 5
2020-12-01 1 10 0 5
2020-12-01 1 2.5 0 5
2020-12-01 1 8.5 0 5
2020-12-01 1 2.5 1 5
2020-12-01 1 7 0 5
2020-12-01 1 8.5 1 5
2020-12-01 1 9.5 1 5
2020-12-01 1 7 1 5
2020-12-01 1 9.5 0 5
2020-12-01 1 4.5 1 5
2020-12-01 1 4.5 0 5
2020-12-01 1 10 1 5
2020-12-01 1 12.5 0 5
2020-12-01 1 1 0 5
2020-12-01 1 1 1 5
2020-12-01 1 5 0 5
2020-12-01 1 5 1 5
2020-12-01 1 4 1 5
2020-12-01 1 4 0 5
2020-12-01 1 1.5 0 5
2020-12-01 1 1.5 1 5
2020-12-01 1 11.5 0 5
2020-12-01 1 11.5 1 5
2020-12-01 1 6.5 0 5
2020-12-01 1 11 1 5
2020-12-01 1 6.5 1 5
2020-12-01 1 11 0 5
2020-12-01 1 3.5 1 5
2020-12-01 1 8 0 5
2020-12-01 1 3.5 0 5
2020-12-01 1 12 1 5
2020-12-01 1 8 1 5
2020-12-01 1 12 0 5
2020-12-01 1 7.5 1 5
2020-12-01 1 7.5 0 5
2020-12-01 1 2 1 5
2020-12-01 1 2 0 5
2020-12-01 1 9 0 5
2020-12-01 1 5.5 1 5
2020-12-01 1 5.5 0 5
2020-12-01 1 6 1 5
2020-12-01 1 6 0 5
2020-12-01 1 9 1 5
2020-12-01 1 12.5 1 5
2020-12-01 1 3 1 5
2020-12-01 1 3 0 5
